# Observation File: observation_flux.dat column names:
# -----------------------------------------------------------------------------
# Observation Name: time [s]
# -----------------------------------------------------------------------------
# Observation Name: observation mass flux
# Region: observation region
# Functional: extensive integral
# Variable: mass_flux
# Number of Vectors: 1
# =============================================================================
"time [s]" "observation mass flux"
0.000000000000e+00 1.475712404037e-15
6.000000000000e+02 1.475712424607e-15
1.200000000000e+03 1.475712445177e-15
1.800000000000e+03 1.475712465746e-15
2.400000000000e+03 1.475712486313e-15
3.000000000000e+03 1.475712506879e-15
3.600000000000e+03 1.475712527791e-15
4.200000000000e+03 1.475712548526e-15
4.800000000000e+03 1.475712569095e-15
5.400000000000e+03 1.475712590004e-15
6.000000000000e+03 1.475712610574e-15
6.600000000000e+03 1.475712631144e-15
7.200000000000e+03 1.475712651710e-15
7.800000000000e+03 1.475712672454e-15
8.400000000000e+03 1.475712693189e-15
9.000000000000e+03 1.475712713594e-15
9.600000000000e+03 1.475712734163e-15
1.020000000000e+04 1.475712754739e-15
1.080000000000e+04 1.475712775309e-15
1.140000000000e+04 1.475712795879e-15
1.200000000000e+04 1.475712816448e-15
1.260000000000e+04 1.475712837183e-15
1.320000000000e+04 1.475712857749e-15
1.380000000000e+04 1.475712878319e-15
1.440000000000e+04 1.475712898898e-15
1.500000000000e+04 1.475712919468e-15
1.560000000000e+04 1.475712940034e-15
1.620000000000e+04 1.475712960769e-15
1.680000000000e+04 1.475712981342e-15
1.740000000000e+04 1.475713001918e-15
1.800000000000e+04 1.475713022484e-15
1.860000000000e+04 1.475713043060e-15
1.920000000000e+04 1.475713063795e-15
1.980000000000e+04 1.475713084529e-15
2.040000000000e+04 1.475713105432e-15
2.100000000000e+04 1.475713126173e-15
2.160000000000e+04 1.475713146742e-15
2.220000000000e+04 1.475713167477e-15
2.280000000000e+04 1.475713188043e-15
2.340000000000e+04 1.475713208619e-15
2.400000000000e+04 1.475713229354e-15
2.460000000000e+04 1.475713250088e-15
2.520000000000e+04 1.475713270829e-15
2.580000000000e+04 1.475713291395e-15
2.640000000000e+04 1.475713312301e-15
2.700000000000e+04 1.475713333036e-15
2.760000000000e+04 1.475713353776e-15
2.820000000000e+04 1.475713374511e-15
2.880000000000e+04 1.475713395245e-15
2.940000000000e+04 1.475713415983e-15
3.000000000000e+04 1.475713436556e-15
3.060000000000e+04 1.475713457126e-15
3.120000000000e+04 1.475713477695e-15
3.180000000000e+04 1.475713498439e-15
3.240000000000e+04 1.475713519009e-15
3.300000000000e+04 1.475713539575e-15
3.360000000000e+04 1.475713560145e-15
3.420000000000e+04 1.475713580880e-15
3.480000000000e+04 1.475713601449e-15
3.540000000000e+04 1.475713622184e-15
3.600000000000e+04 1.475713642760e-15
3.660000000000e+04 1.475713663329e-15
3.720000000000e+04 1.475713683899e-15
3.780000000000e+04 1.475713704634e-15
3.840000000000e+04 1.475713725213e-15
3.900000000000e+04 1.475713745779e-15
3.960000000000e+04 1.475713766682e-15
4.020000000000e+04 1.475713787416e-15
4.080000000000e+04 1.475713808160e-15
4.140000000000e+04 1.475713828727e-15
4.200000000000e+04 1.475713849461e-15
4.260000000000e+04 1.475713870205e-15
4.320000000000e+04 1.475713890775e-15
4.380000000000e+04 1.475713911509e-15
4.440000000000e+04 1.475713932079e-15
4.500000000000e+04 1.475713952814e-15
4.560000000000e+04 1.475713973548e-15
4.620000000000e+04 1.475713994118e-15
4.680000000000e+04 1.475714014852e-15
4.740000000000e+04 1.475714035428e-15
4.800000000000e+04 1.475714055998e-15
4.860000000000e+04 1.475714076732e-15
4.920000000000e+04 1.475714097312e-15
4.980000000000e+04 1.475714117881e-15
5.040000000000e+04 1.475714138616e-15
5.100000000000e+04 1.475714159182e-15
5.160000000000e+04 1.475714179762e-15
5.220000000000e+04 1.475714200331e-15
5.280000000000e+04 1.475714220898e-15
5.340000000000e+04 1.475714241467e-15
5.400000000000e+04 1.475714262208e-15
5.460000000000e+04 1.475714282781e-15
5.520000000000e+04 1.475714303516e-15
5.580000000000e+04 1.475714324415e-15
5.640000000000e+04 1.475714344984e-15
5.700000000000e+04 1.475714365719e-15
5.760000000000e+04 1.475714386453e-15
5.820000000000e+04 1.475714407197e-15
5.880000000000e+04 1.475714427932e-15
5.940000000000e+04 1.475714448502e-15
6.000000000000e+04 1.475714469236e-15
6.060000000000e+04 1.475714490142e-15
6.120000000000e+04 1.475714510715e-15
6.180000000000e+04 1.475714531449e-15
6.240000000000e+04 1.475714552022e-15
6.300000000000e+04 1.475714572595e-15
6.360000000000e+04 1.475714593329e-15
6.420000000000e+04 1.475714614064e-15
6.480000000000e+04 1.475714634640e-15
6.540000000000e+04 1.475714655209e-15
6.600000000000e+04 1.475714675944e-15
6.660000000000e+04 1.475714696510e-15
6.720000000000e+04 1.475714717248e-15
6.780000000000e+04 1.475714737821e-15
6.840000000000e+04 1.475714758555e-15
6.900000000000e+04 1.475714779128e-15
6.960000000000e+04 1.475714799863e-15
7.020000000000e+04 1.475714820432e-15
7.080000000000e+04 1.475714841167e-15
7.140000000000e+04 1.475714861911e-15
7.200000000000e+04 1.475714882481e-15
7.260000000000e+04 1.475714903215e-15
7.320000000000e+04 1.475714923781e-15
7.380000000000e+04 1.475714944361e-15
7.440000000000e+04 1.475714964930e-15
7.500000000000e+04 1.475714985665e-15
7.560000000000e+04 1.475715006244e-15
7.620000000000e+04 1.475715026979e-15
7.680000000000e+04 1.475715047545e-15
7.740000000000e+04 1.475715068280e-15
7.800000000000e+04 1.475715088849e-15
7.860000000000e+04 1.475715109419e-15
7.920000000000e+04 1.475715129989e-15
7.980000000000e+04 1.475715150723e-15
8.040000000000e+04 1.475715171299e-15
8.100000000000e+04 1.475715192034e-15
8.160000000000e+04 1.475715212768e-15
8.220000000000e+04 1.475715233347e-15
8.280000000000e+04 1.475715254082e-15
8.340000000000e+04 1.475715274651e-15
8.400000000000e+04 1.475715295386e-15
8.460000000000e+04 1.475715316130e-15
8.520000000000e+04 1.475715336864e-15
8.580000000000e+04 1.475715357599e-15
8.640000000000e+04 1.475715378333e-15
8.700000000000e+04 1.475715398913e-15
8.760000000000e+04 1.475715419647e-15
8.820000000000e+04 1.475715440214e-15
8.880000000000e+04 1.475715460783e-15
8.940000000000e+04 1.475715481353e-15
9.000000000000e+04 1.475715502087e-15
9.060000000000e+04 1.475715522654e-15
9.120000000000e+04 1.475715543398e-15
9.180000000000e+04 1.475715564300e-15
9.240000000000e+04 1.475715584867e-15
9.300000000000e+04 1.475715605608e-15
9.360000000000e+04 1.475715626181e-15
9.420000000000e+04 1.475715646918e-15
9.480000000000e+04 1.475715667653e-15
9.540000000000e+04 1.475715688226e-15
9.600000000000e+04 1.475715708795e-15
9.660000000000e+04 1.475715729362e-15
9.720000000000e+04 1.475715750099e-15
9.780000000000e+04 1.475715770679e-15
9.840000000000e+04 1.475715791413e-15
9.900000000000e+04 1.475715812148e-15
9.960000000000e+04 1.475715832714e-15
1.002000000000e+05 1.475715853448e-15
1.008000000000e+05 1.475715874183e-15
1.014000000000e+05 1.475715894756e-15
1.020000000000e+05 1.475715915497e-15
1.026000000000e+05 1.475715936066e-15
1.032000000000e+05 1.475715956636e-15
1.038000000000e+05 1.475715977370e-15
1.044000000000e+05 1.475715997947e-15
1.050000000000e+05 1.475716018516e-15
1.056000000000e+05 1.475716039086e-15
1.062000000000e+05 1.475716059830e-15
1.068000000000e+05 1.475716080564e-15
1.074000000000e+05 1.475716101131e-15
1.080000000000e+05 1.475716121865e-15
1.086000000000e+05 1.475716142609e-15
1.092000000000e+05 1.475716163344e-15
1.098000000000e+05 1.475716184078e-15
1.104000000000e+05 1.475716204648e-15
1.110000000000e+05 1.475716225382e-15
1.116000000000e+05 1.475716245952e-15
1.122000000000e+05 1.475716266687e-15
1.128000000000e+05 1.475716287266e-15
1.134000000000e+05 1.475716307832e-15
1.140000000000e+05 1.475716328567e-15
1.146000000000e+05 1.475716349136e-15
1.152000000000e+05 1.475716369881e-15
1.158000000000e+05 1.475716390615e-15
1.164000000000e+05 1.475716411349e-15
1.170000000000e+05 1.475716432084e-15
1.176000000000e+05 1.475716452663e-15
1.182000000000e+05 1.475716473398e-15
1.188000000000e+05 1.475716493967e-15
1.194000000000e+05 1.475716514708e-15
1.200000000000e+05 1.475716535446e-15
1.206000000000e+05 1.475716556012e-15
1.212000000000e+05 1.475716576747e-15
1.218000000000e+05 1.475716597320e-15
1.224000000000e+05 1.475716618054e-15
1.230000000000e+05 1.475716638953e-15
1.236000000000e+05 1.475716659523e-15
1.242000000000e+05 1.475716680267e-15
1.248000000000e+05 1.475716701002e-15
1.254000000000e+05 1.475716721568e-15
1.260000000000e+05 1.475716742309e-15
1.266000000000e+05 1.475716762879e-15
1.272000000000e+05 1.475716783616e-15
1.278000000000e+05 1.475716804351e-15
1.284000000000e+05 1.475716824927e-15
1.290000000000e+05 1.475716845661e-15
1.296000000000e+05 1.475716866231e-15
1.302000000000e+05 1.475716886797e-15
1.308000000000e+05 1.475716907377e-15
1.314000000000e+05 1.475716928111e-15
1.320000000000e+05 1.475716948681e-15
1.326000000000e+05 1.475716969415e-15
1.332000000000e+05 1.475716989982e-15
1.338000000000e+05 1.475717010551e-15
1.344000000000e+05 1.475717031289e-15
1.350000000000e+05 1.475717051865e-15
1.356000000000e+05 1.475717072600e-15
1.362000000000e+05 1.475717093169e-15
1.368000000000e+05 1.475717113904e-15
1.374000000000e+05 1.475717134480e-15
1.380000000000e+05 1.475717155214e-15
1.386000000000e+05 1.475717175949e-15
1.392000000000e+05 1.475717196528e-15
1.398000000000e+05 1.475717217262e-15
1.404000000000e+05 1.475717237832e-15
1.410000000000e+05 1.475717258567e-15
1.416000000000e+05 1.475717279311e-15
1.422000000000e+05 1.475717299880e-15
1.428000000000e+05 1.475717320615e-15
1.434000000000e+05 1.475717341181e-15
1.440000000000e+05 1.475717361916e-15
1.446000000000e+05 1.475717382650e-15
1.452000000000e+05 1.475717403223e-15
1.458000000000e+05 1.475717423967e-15
1.464000000000e+05 1.475717444534e-15
1.470000000000e+05 1.475717465100e-15
1.476000000000e+05 1.475717485670e-15
1.482000000000e+05 1.475717506579e-15
1.488000000000e+05 1.475717527313e-15
1.494000000000e+05 1.475717547886e-15
1.500000000000e+05 1.475717568630e-15
1.506000000000e+05 1.475717589196e-15
1.512000000000e+05 1.475717609931e-15
1.518000000000e+05 1.475717630665e-15
1.524000000000e+05 1.475717651241e-15
1.530000000000e+05 1.475717671976e-15
1.536000000000e+05 1.475717692549e-15
1.542000000000e+05 1.475717713283e-15
1.548000000000e+05 1.475717733853e-15
1.554000000000e+05 1.475717754587e-15
1.560000000000e+05 1.475717775487e-15
1.566000000000e+05 1.475717796066e-15
1.572000000000e+05 1.475717816965e-15
1.578000000000e+05 1.475717837535e-15
1.584000000000e+05 1.475717858434e-15
1.590000000000e+05 1.475717879175e-15
1.596000000000e+05 1.475717899748e-15
1.602000000000e+05 1.475717920482e-15
1.608000000000e+05 1.475717941049e-15
1.614000000000e+05 1.475717961958e-15
1.620000000000e+05 1.475717982692e-15
1.626000000000e+05 1.475718003259e-15
1.632000000000e+05 1.475718024003e-15
1.638000000000e+05 1.475718044737e-15
1.644000000000e+05 1.475718065310e-15
1.650000000000e+05 1.475718085876e-15
1.656000000000e+05 1.475718106446e-15
1.662000000000e+05 1.475718127184e-15
1.668000000000e+05 1.475718147918e-15
1.674000000000e+05 1.475718168485e-15
1.680000000000e+05 1.475718189064e-15
1.686000000000e+05 1.475718209630e-15
1.692000000000e+05 1.475718230533e-15
1.698000000000e+05 1.475718251277e-15
1.704000000000e+05 1.475718271843e-15
1.710000000000e+05 1.475718292578e-15
1.716000000000e+05 1.475718313144e-15
1.722000000000e+05 1.475718333888e-15
1.728000000000e+05 1.475718354623e-15
1.734000000000e+05 1.475718375196e-15
1.740000000000e+05 1.475718396095e-15
1.746000000000e+05 1.475718416674e-15
1.752000000000e+05 1.475718437409e-15
1.758000000000e+05 1.475718458143e-15
1.764000000000e+05 1.475718478878e-15
1.770000000000e+05 1.475718499612e-15
1.776000000000e+05 1.475718520179e-15
1.782000000000e+05 1.475718540748e-15
1.788000000000e+05 1.475718561492e-15
1.794000000000e+05 1.475718582062e-15
1.800000000000e+05 1.475718602632e-15
1.806000000000e+05 1.475718623366e-15
1.812000000000e+05 1.475718643942e-15
1.818000000000e+05 1.475718664512e-15
1.824000000000e+05 1.475718685082e-15
1.830000000000e+05 1.475718705826e-15
1.836000000000e+05 1.475718726560e-15
1.842000000000e+05 1.475718747130e-15
1.848000000000e+05 1.475718767864e-15
1.854000000000e+05 1.475718788440e-15
1.860000000000e+05 1.475718809343e-15
1.866000000000e+05 1.475718830077e-15
1.872000000000e+05 1.475718850644e-15
1.878000000000e+05 1.475718871378e-15
1.884000000000e+05 1.475718891948e-15
1.890000000000e+05 1.475718912685e-15
1.896000000000e+05 1.475718933430e-15
1.902000000000e+05 1.475718954164e-15
1.908000000000e+05 1.475718974898e-15
1.914000000000e+05 1.475718995465e-15
1.920000000000e+05 1.475719016044e-15
1.926000000000e+05 1.475719036281e-15
1.932000000000e+05 1.475719056518e-15
1.938000000000e+05 1.475719076092e-15
1.944000000000e+05 1.475719095340e-15
1.950000000000e+05 1.475719112925e-15
1.956000000000e+05 1.475719128021e-15
1.962000000000e+05 1.475719138312e-15
1.968000000000e+05 1.475719139472e-15
1.974000000000e+05 1.475719121888e-15
1.980000000000e+05 1.475719065329e-15
1.986000000000e+05 1.475718923503e-15
1.992000000000e+05 1.475718587109e-15
1.998000000000e+05 1.475717905196e-15
2.004000000000e+05 1.475716474361e-15
2.010000000000e+05 1.475713388247e-15
2.016000000000e+05 1.475706712424e-15
2.022000000000e+05 1.475692436188e-15
2.028000000000e+05 1.475662487542e-15
2.034000000000e+05 1.475601096524e-15
2.040000000000e+05 1.475478313171e-15
2.046000000000e+05 1.475238698403e-15
2.052000000000e+05 1.474781803010e-15
2.058000000000e+05 1.473928306461e-15
2.064000000000e+05 1.472359826523e-15
2.070000000000e+05 1.469507057138e-15
2.076000000000e+05 1.464329546635e-15
2.082000000000e+05 1.454856171418e-15
2.088000000000e+05 1.437179226185e-15
2.094000000000e+05 1.403178937241e-15
2.100000000000e+05 1.335283558908e-15
2.106000000000e+05 1.194355880979e-15
2.112000000000e+05 8.898567505385e-16
2.118000000000e+05 2.097264530210e-16
2.124000000000e+05 -9.794175338605e-16
2.130000000000e+05 -3.546096115290e-15
2.136000000000e+05 -9.167011371539e-15
2.142000000000e+05 -2.125003069886e-14
2.148000000000e+05 -4.662644573716e-14
2.154000000000e+05 -9.855492626211e-14
2.160000000000e+05 -2.019796020608e-13
2.166000000000e+05 -4.025014334907e-13
2.172000000000e+05 -7.814598026953e-13
2.178000000000e+05 -1.481329600172e-12
2.184000000000e+05 -2.749539033851e-12
2.190000000000e+05 -5.017812996944e-12
2.196000000000e+05 -9.055402748773e-12
2.202000000000e+05 -1.628470140031e-11
2.208000000000e+05 -2.946503445064e-11
2.214000000000e+05 -5.422273643518e-11
2.220000000000e+05 -1.025324435314e-10
2.226000000000e+05 -2.006720313508e-10
2.232000000000e+05 -4.072731453723e-10
2.238000000000e+05 -8.535345483000e-10
2.244000000000e+05 -1.830269001699e-09
2.250000000000e+05 -3.969536865865e-09
2.256000000000e+05 -8.608249356562e-09
2.262000000000e+05 -1.848506843254e-08
2.268000000000e+05 -3.901905793249e-08
2.274000000000e+05 -8.055735615920e-08
2.280000000000e+05 -1.621650499118e-07
2.286000000000e+05 -3.177611110897e-07
2.292000000000e+05 -6.056618145213e-07
2.298000000000e+05 -1.122830227433e-06
2.304000000000e+05 -2.025245967132e-06
2.310000000000e+05 -3.555607527988e-06
2.316000000000e+05 -6.078714951959e-06
2.322000000000e+05 -1.012283112246e-05
2.328000000000e+05 -1.642152512825e-05
2.334000000000e+05 -2.594497329635e-05
2.340000000000e+05 -3.990439000271e-05
2.346000000000e+05 -5.971352807422e-05
2.352000000000e+05 -8.690404764126e-05
2.358000000000e+05 -1.230169164553e-04
2.364000000000e+05 -1.695129053727e-04
2.370000000000e+05 -2.277376287810e-04
2.376000000000e+05 -2.989404850889e-04
2.382000000000e+05 -3.843143801056e-04
2.388000000000e+05 -4.850207604933e-04
2.394000000000e+05 -6.021846793278e-04
2.400000000000e+05 -7.368643246515e-04
2.406000000000e+05 -8.900073827123e-04
2.412000000000e+05 -1.062405506396e-03
2.418000000000e+05 -1.254654128232e-03
2.424000000000e+05 -1.467121356778e-03
2.430000000000e+05 -1.699927510662e-03
2.436000000000e+05 -1.952935652886e-03
2.442000000000e+05 -2.225752827501e-03
2.448000000000e+05 -2.517741260656e-03
2.454000000000e+05 -2.828038403619e-03
2.460000000000e+05 -3.155584283657e-03
2.466000000000e+05 -3.499154154192e-03
2.472000000000e+05 -3.857393928094e-03
2.478000000000e+05 -4.228855496574e-03
2.484000000000e+05 -4.612029110442e-03
2.490000000000e+05 -5.005370893374e-03
2.496000000000e+05 -5.407325254523e-03
2.502000000000e+05 -5.816343720538e-03
2.508000000000e+05 -6.230902389649e-03
2.514000000000e+05 -6.649519384473e-03
2.520000000000e+05 -7.070772116233e-03
2.526000000000e+05 -7.493313058080e-03
2.532000000000e+05 -7.915882583152e-03
2.538000000000e+05 -8.337317968627e-03
2.544000000000e+05 -8.756558370154e-03
2.550000000000e+05 -9.172646100965e-03
2.556000000000e+05 -9.584724832003e-03
2.562000000000e+05 -9.992035420048e-03
2.568000000000e+05 -1.039391005039e-02
2.574000000000e+05 -1.078976530834e-02
2.580000000000e+05 -1.117909470379e-02
2.586000000000e+05 -1.156146108041e-02
2.592000000000e+05 -1.193648925284e-02
2.598000000000e+05 -1.230385913077e-02
2.604000000000e+05 -1.266329950780e-02
2.610000000000e+05 -1.301458261263e-02
2.616000000000e+05 -1.335751943954e-02
2.622000000000e+05 -1.369195579747e-02
2.628000000000e+05 -1.401776895328e-02
2.634000000000e+05 -1.433486471150e-02
2.640000000000e+05 -1.464317478655e-02
2.646000000000e+05 -1.494265438189e-02
2.652000000000e+05 -1.523327996793e-02
2.658000000000e+05 -1.551504730621e-02
2.664000000000e+05 -1.578796977501e-02
2.670000000000e+05 -1.605207701733e-02
2.676000000000e+05 -1.630741388192e-02
2.682000000000e+05 -1.655403958830e-02
2.688000000000e+05 -1.679202702919e-02
2.694000000000e+05 -1.702146212721e-02
2.700000000000e+05 -1.724244317869e-02
2.706000000000e+05 -1.745508013857e-02
2.712000000000e+05 -1.765949382112e-02
2.718000000000e+05 -1.785581500882e-02
2.724000000000e+05 -1.804418347533e-02
2.730000000000e+05 -1.822474693831e-02
2.736000000000e+05 -1.839765996391e-02
2.742000000000e+05 -1.856308284832e-02
2.748000000000e+05 -1.872118050299e-02
2.754000000000e+05 -1.887212136907e-02
2.760000000000e+05 -1.901607638462e-02
2.766000000000e+05 -1.915321802437e-02
2.772000000000e+05 -1.928371942693e-02
2.778000000000e+05 -1.940775361859e-02
2.784000000000e+05 -1.952549283664e-02
2.790000000000e+05 -1.963710794906e-02
2.796000000000e+05 -1.974276796304e-02
2.802000000000e+05 -1.984263961217e-02
2.808000000000e+05 -1.993688701269e-02
2.814000000000e+05 -2.002567138137e-02
2.820000000000e+05 -2.010915081013e-02
2.826000000000e+05 -2.018748009531e-02
2.832000000000e+05 -2.026081061931e-02
2.838000000000e+05 -2.032929028230e-02
2.844000000000e+05 -2.039306347976e-02
2.850000000000e+05 -2.045227111986e-02
2.856000000000e+05 -2.050705067356e-02
2.862000000000e+05 -2.055753624936e-02
2.868000000000e+05 -2.060385868481e-02
2.874000000000e+05 -2.064614564721e-02
2.880000000000e+05 -2.068452173694e-02
2.886000000000e+05 -2.071910858804e-02
2.892000000000e+05 -2.075002496191e-02
2.898000000000e+05 -2.077738683129e-02
2.904000000000e+05 -2.080130745276e-02
2.910000000000e+05 -2.082189742740e-02
2.916000000000e+05 -2.083926474964e-02
2.922000000000e+05 -2.085351484555e-02
2.928000000000e+05 -2.086475060214e-02
2.934000000000e+05 -2.087307238946e-02
2.940000000000e+05 -2.087857807784e-02
2.946000000000e+05 -2.088136305217e-02
2.952000000000e+05 -2.088152022529e-02
2.958000000000e+05 -2.087914005206e-02
2.964000000000e+05 -2.087431054531e-02
2.970000000000e+05 -2.086711729451e-02
2.976000000000e+05 -2.085764348762e-02
2.982000000000e+05 -2.084596993627e-02
2.988000000000e+05 -2.083217510421e-02
2.994000000000e+05 -2.081633513917e-02
3.000000000000e+05 -2.079852390799e-02
3.006000000000e+05 -2.077881303506e-02
3.012000000000e+05 -2.075727194423e-02
3.018000000000e+05 -2.073396790397e-02
3.024000000000e+05 -2.070896607600e-02
3.030000000000e+05 -2.068232956685e-02
3.036000000000e+05 -2.065411948233e-02
3.042000000000e+05 -2.062439498434e-02
3.048000000000e+05 -2.059321334939e-02
3.054000000000e+05 -2.056063002847e-02
3.060000000000e+05 -2.052669870741e-02
3.066000000000e+05 -2.049147136724e-02
3.072000000000e+05 -2.045499834387e-02
3.078000000000e+05 -2.041732838657e-02
3.084000000000e+05 -2.037850871479e-02
3.090000000000e+05 -2.033858507294e-02
3.096000000000e+05 -2.029760178277e-02
3.102000000000e+05 -2.025560179325e-02
3.108000000000e+05 -2.021262672774e-02
3.114000000000e+05 -2.016871692854e-02
3.120000000000e+05 -2.012391149878e-02
3.126000000000e+05 -2.007824834181e-02
3.132000000000e+05 -2.003176419823e-02
3.138000000000e+05 -1.998449468080e-02
3.144000000000e+05 -1.993647430742e-02
3.150000000000e+05 -1.988773653236e-02
3.156000000000e+05 -1.983831377602e-02
3.162000000000e+05 -1.978823745339e-02
3.168000000000e+05 -1.973753800132e-02
3.174000000000e+05 -1.968624490478e-02
3.180000000000e+05 -1.963438672231e-02
3.186000000000e+05 -1.958199111064e-02
3.192000000000e+05 -1.952908484865e-02
3.198000000000e+05 -1.947569386073e-02
3.204000000000e+05 -1.942184323965e-02
3.210000000000e+05 -1.936755726899e-02
3.216000000000e+05 -1.931285944519e-02
3.222000000000e+05 -1.925777249925e-02
3.228000000000e+05 -1.920231841823e-02
3.234000000000e+05 -1.914651846644e-02
3.240000000000e+05 -1.909039320639e-02
3.246000000000e+05 -1.903396251958e-02
3.252000000000e+05 -1.897724562700e-02
3.258000000000e+05 -1.892026110938e-02
3.264000000000e+05 -1.886302692716e-02
3.270000000000e+05 -1.880556044013e-02
3.276000000000e+05 -1.874787842674e-02
3.282000000000e+05 -1.868999710297e-02
3.288000000000e+05 -1.863193214077e-02
3.294000000000e+05 -1.857369868601e-02
3.300000000000e+05 -1.851531137594e-02
3.306000000000e+05 -1.845678435606e-02
3.312000000000e+05 -1.839813129650e-02
3.318000000000e+05 -1.833936540774e-02
3.324000000000e+05 -1.828049945578e-02
3.330000000000e+05 -1.822154577672e-02
3.336000000000e+05 -1.816251629077e-02
3.342000000000e+05 -1.810342251569e-02
3.348000000000e+05 -1.804427557964e-02
3.354000000000e+05 -1.798508623353e-02
3.360000000000e+05 -1.792586486293e-02
3.366000000000e+05 -1.786662149935e-02
3.372000000000e+05 -1.780736583119e-02
3.378000000000e+05 -1.774810721426e-02
3.384000000000e+05 -1.768885468180e-02
3.390000000000e+05 -1.762961695422e-02
3.396000000000e+05 -1.757040244846e-02
3.402000000000e+05 -1.751121928699e-02
3.408000000000e+05 -1.745207530653e-02
3.414000000000e+05 -1.739297806645e-02
3.420000000000e+05 -1.733393485695e-02
3.426000000000e+05 -1.727495270692e-02
3.432000000000e+05 -1.721603839162e-02
3.438000000000e+05 -1.715719844010e-02
3.444000000000e+05 -1.709843914242e-02
3.450000000000e+05 -1.703976655671e-02
3.456000000000e+05 -1.698118651602e-02
3.462000000000e+05 -1.692270463495e-02
3.468000000000e+05 -1.686432631623e-02
3.474000000000e+05 -1.680605675704e-02
3.480000000000e+05 -1.674790095525e-02
3.486000000000e+05 -1.668986371543e-02
3.492000000000e+05 -1.663194965482e-02
3.498000000000e+05 -1.657416320905e-02
3.504000000000e+05 -1.651650863783e-02
3.510000000000e+05 -1.645899003037e-02
3.516000000000e+05 -1.640161131081e-02
3.522000000000e+05 -1.634437624335e-02
3.528000000000e+05 -1.628728843734e-02
3.534000000000e+05 -1.623035135225e-02
3.540000000000e+05 -1.617356830236e-02
3.546000000000e+05 -1.611694246148e-02
3.552000000000e+05 -1.606047686738e-02
3.558000000000e+05 -1.600417442618e-02
3.564000000000e+05 -1.594803791658e-02
3.570000000000e+05 -1.589206999388e-02
3.576000000000e+05 -1.583627319399e-02
3.582000000000e+05 -1.578064993720e-02
3.588000000000e+05 -1.572520253188e-02
3.594000000000e+05 -1.566993317805e-02
3.600000000000e+05 -1.561484397080e-02
3.606000000000e+05 -1.555993690362e-02
3.612000000000e+05 -1.550521387163e-02
3.618000000000e+05 -1.545067667467e-02
3.624000000000e+05 -1.539632702031e-02
3.630000000000e+05 -1.534216652673e-02
3.636000000000e+05 -1.528819672555e-02
3.642000000000e+05 -1.523441906452e-02
3.648000000000e+05 -1.518083491017e-02
3.654000000000e+05 -1.512744555034e-02
3.660000000000e+05 -1.507425219664e-02
3.666000000000e+05 -1.502125598681e-02
3.672000000000e+05 -1.496845798710e-02
3.678000000000e+05 -1.491585919442e-02
3.684000000000e+05 -1.486346053858e-02
3.690000000000e+05 -1.481126288439e-02
3.696000000000e+05 -1.475926703366e-02
3.702000000000e+05 -1.470747372724e-02
3.708000000000e+05 -1.465588364694e-02
3.714000000000e+05 -1.460449741741e-02
3.720000000000e+05 -1.455331560793e-02
3.726000000000e+05 -1.450233873425e-02
3.732000000000e+05 -1.445156726026e-02
3.738000000000e+05 -1.440100159970e-02
3.744000000000e+05 -1.435064211779e-02
3.750000000000e+05 -1.430048913283e-02
3.756000000000e+05 -1.425054291772e-02
3.762000000000e+05 -1.420080370151e-02
3.768000000000e+05 -1.415127167080e-02
3.774000000000e+05 -1.410194697122e-02
3.780000000000e+05 -1.405282970882e-02
3.786000000000e+05 -1.400391995134e-02
3.792000000000e+05 -1.395521772961e-02
3.798000000000e+05 -1.390672303875e-02
3.804000000000e+05 -1.385843583944e-02
3.810000000000e+05 -1.381035605911e-02
3.816000000000e+05 -1.376248359309e-02
3.822000000000e+05 -1.371481830574e-02
3.828000000000e+05 -1.366736003156e-02
3.834000000000e+05 -1.362010857623e-02
3.840000000000e+05 -1.357306371764e-02
3.846000000000e+05 -1.352622520690e-02
3.852000000000e+05 -1.347959276927e-02
3.858000000000e+05 -1.343316610515e-02
3.864000000000e+05 -1.338694489095e-02
3.870000000000e+05 -1.334092877997e-02
3.876000000000e+05 -1.329511740325e-02
3.882000000000e+05 -1.324951037042e-02
3.888000000000e+05 -1.320410727047e-02
3.894000000000e+05 -1.315890767254e-02
3.900000000000e+05 -1.311391112664e-02
3.906000000000e+05 -1.306911716444e-02
3.912000000000e+05 -1.302452529991e-02
3.918000000000e+05 -1.298013503004e-02
3.924000000000e+05 -1.293594583546e-02
3.930000000000e+05 -1.289195718115e-02
3.936000000000e+05 -1.284816851700e-02
3.942000000000e+05 -1.280457927843e-02
3.948000000000e+05 -1.276118888699e-02
3.954000000000e+05 -1.271799675090e-02
3.960000000000e+05 -1.267500226562e-02
3.966000000000e+05 -1.263220481438e-02
3.972000000000e+05 -1.258960376869e-02
3.978000000000e+05 -1.254719848883e-02
3.984000000000e+05 -1.250498832439e-02
3.990000000000e+05 -1.246297261466e-02
3.996000000000e+05 -1.242115068915e-02
4.002000000000e+05 -1.237952186803e-02
4.008000000000e+05 -1.233808546253e-02
4.014000000000e+05 -1.229684077539e-02
4.020000000000e+05 -1.225578710126e-02
4.026000000000e+05 -1.221492372706e-02
4.032000000000e+05 -1.217424993244e-02
4.038000000000e+05 -1.213376499007e-02
4.044000000000e+05 -1.209346816606e-02
4.050000000000e+05 -1.205335872027e-02
4.056000000000e+05 -1.201343590669e-02
4.062000000000e+05 -1.197369897372e-02
4.068000000000e+05 -1.193414716455e-02
4.074000000000e+05 -1.189477971741e-02
4.080000000000e+05 -1.185559586592e-02
4.086000000000e+05 -1.181659483935e-02
4.092000000000e+05 -1.177777586291e-02
4.098000000000e+05 -1.173913815805e-02
4.104000000000e+05 -1.170068094268e-02
4.110000000000e+05 -1.166240343147e-02
4.116000000000e+05 -1.162430483605e-02
4.122000000000e+05 -1.158638436531e-02
4.128000000000e+05 -1.154864122560e-02
4.134000000000e+05 -1.151107462096e-02
4.140000000000e+05 -1.147368375331e-02
4.146000000000e+05 -1.143646782274e-02
4.152000000000e+05 -1.139942602764e-02
4.158000000000e+05 -1.136255756492e-02
4.164000000000e+05 -1.132586163021e-02
4.170000000000e+05 -1.128933741805e-02
4.176000000000e+05 -1.125298412206e-02
4.182000000000e+05 -1.121680093509e-02
4.188000000000e+05 -1.118078704944e-02
4.194000000000e+05 -1.114494165699e-02
4.200000000000e+05 -1.110926394933e-02
4.206000000000e+05 -1.107375311798e-02
4.212000000000e+05 -1.103840835447e-02
4.218000000000e+05 -1.100322885051e-02
4.224000000000e+05 -1.096821379814e-02
4.230000000000e+05 -1.093336238983e-02
4.236000000000e+05 -1.089867381863e-02
4.242000000000e+05 -1.086414727827e-02
4.248000000000e+05 -1.082978196331e-02
4.254000000000e+05 -1.079557706924e-02
4.260000000000e+05 -1.076153179256e-02
4.266000000000e+05 -1.072764533094e-02
4.272000000000e+05 -1.069391688330e-02
4.278000000000e+05 -1.066034564988e-02
4.284000000000e+05 -1.062693083238e-02
4.290000000000e+05 -1.059367163403e-02
4.296000000000e+05 -1.056056725968e-02
4.302000000000e+05 -1.052761691587e-02
4.308000000000e+05 -1.049481981096e-02
4.314000000000e+05 -1.046217515517e-02
4.320000000000e+05 -1.042968216063e-02
4.326000000000e+05 -1.039734004155e-02
4.332000000000e+05 -1.036514801417e-02
4.338000000000e+05 -1.033310529693e-02
4.344000000000e+05 -1.030121111046e-02
4.350000000000e+05 -1.026946467770e-02
4.356000000000e+05 -1.023786522392e-02
4.362000000000e+05 -1.020641197681e-02
4.368000000000e+05 -1.017510416650e-02
4.374000000000e+05 -1.014394102564e-02
4.380000000000e+05 -1.011292178945e-02
4.386000000000e+05 -1.008204569575e-02
4.392000000000e+05 -1.005131198504e-02
4.398000000000e+05 -1.002071990051e-02
4.404000000000e+05 -9.990268688102e-03
4.410000000000e+05 -9.959957596537e-03
4.416000000000e+05 -9.929785877377e-03
4.422000000000e+05 -9.899752785042e-03
4.428000000000e+05 -9.869857576856e-03
4.434000000000e+05 -9.840099513075e-03
4.440000000000e+05 -9.810477856922e-03
4.446000000000e+05 -9.780991874618e-03
4.452000000000e+05 -9.751640835412e-03
4.458000000000e+05 -9.722424011603e-03
4.464000000000e+05 -9.693340678572e-03
4.470000000000e+05 -9.664390114804e-03
4.476000000000e+05 -9.635571601912e-03
4.482000000000e+05 -9.606884424658e-03
4.488000000000e+05 -9.578327870974e-03
4.494000000000e+05 -9.549901231981e-03
4.500000000000e+05 -9.521603802007e-03
4.506000000000e+05 -9.493434878605e-03
4.512000000000e+05 -9.465393762568e-03
4.518000000000e+05 -9.437479757941e-03
4.524000000000e+05 -9.409692172040e-03
4.530000000000e+05 -9.382030315460e-03
4.536000000000e+05 -9.354493502086e-03
4.542000000000e+05 -9.327081049108e-03
4.548000000000e+05 -9.299792277025e-03
4.554000000000e+05 -9.272626509660e-03
4.560000000000e+05 -9.245583074158e-03
4.566000000000e+05 -9.218661301004e-03
4.572000000000e+05 -9.191860524021e-03
4.578000000000e+05 -9.165180080378e-03
4.584000000000e+05 -9.138619310595e-03
4.590000000000e+05 -9.112177558544e-03
4.596000000000e+05 -9.085854171455e-03
4.602000000000e+05 -9.059648499917e-03
4.608000000000e+05 -9.033559897878e-03
4.614000000000e+05 -9.007587722648e-03
4.620000000000e+05 -8.981731334898e-03
4.626000000000e+05 -8.955990098659e-03
4.632000000000e+05 -8.930363381323e-03
4.638000000000e+05 -8.904850553641e-03
4.644000000000e+05 -8.879450989716e-03
4.650000000000e+05 -8.854164067010e-03
4.656000000000e+05 -8.828989166330e-03
4.662000000000e+05 -8.803925671833e-03
4.668000000000e+05 -8.778972971015e-03
4.674000000000e+05 -8.754130454712e-03
4.680000000000e+05 -8.729397517091e-03
4.686000000000e+05 -8.704773555646e-03
4.692000000000e+05 -8.680257971192e-03
4.698000000000e+05 -8.655850167858e-03
4.704000000000e+05 -8.631549553081e-03
4.710000000000e+05 -8.607355537597e-03
4.716000000000e+05 -8.583267535436e-03
4.722000000000e+05 -8.559284963914e-03
4.728000000000e+05 -8.535407243620e-03
4.734000000000e+05 -8.511633798415e-03
4.740000000000e+05 -8.487964055416e-03
4.746000000000e+05 -8.464397444994e-03
4.752000000000e+05 -8.440933400757e-03
4.758000000000e+05 -8.417571359545e-03
4.764000000000e+05 -8.394310761418e-03
4.770000000000e+05 -8.371151049648e-03
4.776000000000e+05 -8.348091670707e-03
4.782000000000e+05 -8.325132074254e-03
4.788000000000e+05 -8.302271713129e-03
4.794000000000e+05 -8.279510043337e-03
4.800000000000e+05 -8.256846524039e-03
4.806000000000e+05 -8.234280617541e-03
4.812000000000e+05 -8.211811789279e-03
4.818000000000e+05 -8.189439507811e-03
4.824000000000e+05 -8.167163244803e-03
4.830000000000e+05 -8.144982475015e-03
4.836000000000e+05 -8.122896676290e-03
4.842000000000e+05 -8.100905329544e-03
4.848000000000e+05 -8.079007918748e-03
4.854000000000e+05 -8.057203930919e-03
4.860000000000e+05 -8.035492856104e-03
4.866000000000e+05 -8.013874187370e-03
4.872000000000e+05 -7.992347420788e-03
4.878000000000e+05 -7.970912055422e-03
4.884000000000e+05 -7.949567593312e-03
4.890000000000e+05 -7.928313539465e-03
4.896000000000e+05 -7.907149401836e-03
4.902000000000e+05 -7.886074691318e-03
4.908000000000e+05 -7.865088921729e-03
4.914000000000e+05 -7.844191609793e-03
4.920000000000e+05 -7.823382275131e-03
4.926000000000e+05 -7.802660440243e-03
4.932000000000e+05 -7.782025630499e-03
4.938000000000e+05 -7.761477374117e-03
4.944000000000e+05 -7.741015202158e-03
4.950000000000e+05 -7.720638648504e-03
4.956000000000e+05 -7.700347249846e-03
4.962000000000e+05 -7.680140545672e-03
4.968000000000e+05 -7.660018078251e-03
4.974000000000e+05 -7.639979392615e-03
4.980000000000e+05 -7.620024036552e-03
4.986000000000e+05 -7.600151560583e-03
4.992000000000e+05 -7.580361517956e-03
4.998000000000e+05 -7.560653464623e-03
5.004000000000e+05 -7.541026959232e-03
5.010000000000e+05 -7.521481563110e-03
5.016000000000e+05 -7.502016840245e-03
5.022000000000e+05 -7.482632357279e-03
5.028000000000e+05 -7.463327683488e-03
5.034000000000e+05 -7.444102390766e-03
5.040000000000e+05 -7.424956053615e-03
5.046000000000e+05 -7.405888249129e-03
5.052000000000e+05 -7.386898556978e-03
5.058000000000e+05 -7.367986559392e-03
5.064000000000e+05 -7.349151841151e-03
5.070000000000e+05 -7.330393989569e-03
5.076000000000e+05 -7.311712594476e-03
5.082000000000e+05 -7.293107248207e-03
5.088000000000e+05 -7.274577545587e-03
5.094000000000e+05 -7.256123083915e-03
5.100000000000e+05 -7.237743462953e-03
5.106000000000e+05 -7.219438284906e-03
5.112000000000e+05 -7.201207154414e-03
5.118000000000e+05 -7.183049678531e-03
5.124000000000e+05 -7.164965466719e-03
5.130000000000e+05 -7.146954130824e-03
5.136000000000e+05 -7.129015285071e-03
5.142000000000e+05 -7.111148546041e-03
5.148000000000e+05 -7.093353532666e-03
5.154000000000e+05 -7.075629866208e-03
5.160000000000e+05 -7.057977170246e-03
5.166000000000e+05 -7.040395070665e-03
5.172000000000e+05 -7.022883195640e-03
5.178000000000e+05 -7.005441175621e-03
5.184000000000e+05 -6.988068643321e-03
5.190000000000e+05 -6.970765233703e-03
5.196000000000e+05 -6.953530583961e-03
5.202000000000e+05 -6.936364333513e-03
5.208000000000e+05 -6.919266123984e-03
5.214000000000e+05 -6.902235599190e-03
5.220000000000e+05 -6.885272405129e-03
5.226000000000e+05 -6.868376189966e-03
5.232000000000e+05 -6.851546604018e-03
5.238000000000e+05 -6.834783299741e-03
5.244000000000e+05 -6.818085931717e-03
5.250000000000e+05 -6.801454156643e-03
5.256000000000e+05 -6.784887633312e-03
5.262000000000e+05 -6.768386022606e-03
5.268000000000e+05 -6.751948987480e-03
5.274000000000e+05 -6.735576192947e-03
5.280000000000e+05 -6.719267306070e-03
5.286000000000e+05 -6.703021995944e-03
5.292000000000e+05 -6.686839933686e-03
5.298000000000e+05 -6.670720792420e-03
5.304000000000e+05 -6.654664247268e-03
5.310000000000e+05 -6.638669975333e-03
5.316000000000e+05 -6.622737655688e-03
5.322000000000e+05 -6.606866969366e-03
5.328000000000e+05 -6.591057599341e-03
5.334000000000e+05 -6.575309230524e-03
5.340000000000e+05 -6.559621549742e-03
5.346000000000e+05 -6.543994245733e-03
5.352000000000e+05 -6.528427009128e-03
5.358000000000e+05 -6.512919532444e-03
5.364000000000e+05 -6.497471510068e-03
5.370000000000e+05 -6.482082638244e-03
5.376000000000e+05 -6.466752615066e-03
5.382000000000e+05 -6.451481140463e-03
5.388000000000e+05 -6.436267916184e-03
5.394000000000e+05 -6.421112645793e-03
5.400000000000e+05 -6.406015034651e-03
5.406000000000e+05 -6.390974789910e-03
5.412000000000e+05 -6.375991620494e-03
5.418000000000e+05 -6.361065237095e-03
5.424000000000e+05 -6.346195352158e-03
5.430000000000e+05 -6.331381679867e-03
5.436000000000e+05 -6.316623936141e-03
5.442000000000e+05 -6.301921838614e-03
5.448000000000e+05 -6.287275106629e-03
5.454000000000e+05 -6.272683461227e-03
5.460000000000e+05 -6.258146625134e-03
5.466000000000e+05 -6.243664322749e-03
5.472000000000e+05 -6.229236280136e-03
5.478000000000e+05 -6.214862225012e-03
5.484000000000e+05 -6.200541886734e-03
5.490000000000e+05 -6.186274996293e-03
5.496000000000e+05 -6.172061286297e-03
5.502000000000e+05 -6.157900490966e-03
5.508000000000e+05 -6.143792346117e-03
5.514000000000e+05 -6.129736589159e-03
5.520000000000e+05 -6.115732959074e-03
5.526000000000e+05 -6.101781196417e-03
5.532000000000e+05 -6.087881043296e-03
5.538000000000e+05 -6.074032243370e-03
5.544000000000e+05 -6.060234541831e-03
5.550000000000e+05 -6.046487685400e-03
5.556000000000e+05 -6.032791422314e-03
5.562000000000e+05 -6.019145502318e-03
5.568000000000e+05 -6.005549676651e-03
5.574000000000e+05 -5.992003698042e-03
5.580000000000e+05 -5.978507320695e-03
5.586000000000e+05 -5.965060300281e-03
5.592000000000e+05 -5.951662393930e-03
5.598000000000e+05 -5.938313360219e-03
5.604000000000e+05 -5.925012959163e-03
5.610000000000e+05 -5.911760952206e-03
5.616000000000e+05 -5.898557102212e-03
5.622000000000e+05 -5.885401173456e-03
5.628000000000e+05 -5.872292931610e-03
5.634000000000e+05 -5.859232143740e-03
5.640000000000e+05 -5.846218578295e-03
5.646000000000e+05 -5.833252005095e-03
5.652000000000e+05 -5.820332195325e-03
5.658000000000e+05 -5.807458921525e-03
5.664000000000e+05 -5.794631957579e-03
5.670000000000e+05 -5.781851078711e-03
5.676000000000e+05 -5.769116061472e-03
5.682000000000e+05 -5.756426683732e-03
5.688000000000e+05 -5.743782724671e-03
5.694000000000e+05 -5.731183964772e-03
5.700000000000e+05 -5.718630185811e-03
5.706000000000e+05 -5.706121170850e-03
5.712000000000e+05 -5.693656704225e-03
5.718000000000e+05 -5.681236571542e-03
5.724000000000e+05 -5.668860559664e-03
5.730000000000e+05 -5.656528456708e-03
5.736000000000e+05 -5.644240052033e-03
5.742000000000e+05 -5.631995136230e-03
5.748000000000e+05 -5.619793501121e-03
5.754000000000e+05 -5.607634939741e-03
5.760000000000e+05 -5.595519246341e-03
5.766000000000e+05 -5.583446216369e-03
5.772000000000e+05 -5.571415646472e-03
5.778000000000e+05 -5.559427334480e-03
5.784000000000e+05 -5.547481079402e-03
5.790000000000e+05 -5.535576681420e-03
5.796000000000e+05 -5.523713941878e-03
5.802000000000e+05 -5.511892663274e-03
5.808000000000e+05 -5.500112649256e-03
5.814000000000e+05 -5.488373704609e-03
5.820000000000e+05 -5.476675635256e-03
5.826000000000e+05 -5.465018248239e-03
5.832000000000e+05 -5.453401351722e-03
5.838000000000e+05 -5.441824754979e-03
5.844000000000e+05 -5.430288268385e-03
5.850000000000e+05 -5.418791703413e-03
5.856000000000e+05 -5.407334872623e-03
5.862000000000e+05 -5.395917589657e-03
5.868000000000e+05 -5.384539669233e-03
5.874000000000e+05 -5.373200927133e-03
5.880000000000e+05 -5.361901180201e-03
5.886000000000e+05 -5.350640246336e-03
5.892000000000e+05 -5.339417944480e-03
5.898000000000e+05 -5.328234094616e-03
5.904000000000e+05 -5.317088517761e-03
5.910000000000e+05 -5.305981035955e-03
5.916000000000e+05 -5.294911472259e-03
5.922000000000e+05 -5.283879650747e-03
5.928000000000e+05 -5.272885396496e-03
5.934000000000e+05 -5.261928535585e-03
5.940000000000e+05 -5.251008895085e-03
5.946000000000e+05 -5.240126303053e-03
5.952000000000e+05 -5.229280588524e-03
5.958000000000e+05 -5.218471581509e-03
5.964000000000e+05 -5.207699112984e-03
5.970000000000e+05 -5.196963014886e-03
5.976000000000e+05 -5.186263120107e-03
5.982000000000e+05 -5.175599262487e-03
5.988000000000e+05 -5.164971276807e-03
5.994000000000e+05 -5.154378998783e-03
6.000000000000e+05 -5.143822265064e-03
6.006000000000e+05 -5.133300913218e-03
6.012000000000e+05 -5.122814781735e-03
6.018000000000e+05 -5.112363710013e-03
6.024000000000e+05 -5.101947538358e-03
6.030000000000e+05 -5.091566107973e-03
6.036000000000e+05 -5.081219260959e-03
6.042000000000e+05 -5.070906840301e-03
6.048000000000e+05 -5.060628689869e-03
6.054000000000e+05 -5.050384654408e-03
6.060000000000e+05 -5.040174579534e-03
6.066000000000e+05 -5.029998311729e-03
6.072000000000e+05 -5.019855698335e-03
6.078000000000e+05 -5.009746587546e-03
6.084000000000e+05 -4.999670828406e-03
6.090000000000e+05 -4.989628270803e-03
6.096000000000e+05 -4.979618765460e-03
6.102000000000e+05 -4.969642163934e-03
6.108000000000e+05 -4.959698318607e-03
6.114000000000e+05 -4.949787082686e-03
6.120000000000e+05 -4.939908310190e-03
6.126000000000e+05 -4.930061855950e-03
6.132000000000e+05 -4.920247575605e-03
6.138000000000e+05 -4.910465325592e-03
6.144000000000e+05 -4.900714963144e-03
6.150000000000e+05 -4.890996346283e-03
6.156000000000e+05 -4.881309333818e-03
6.162000000000e+05 -4.871653785337e-03
6.168000000000e+05 -4.862029561203e-03
6.174000000000e+05 -4.852436522549e-03
6.180000000000e+05 -4.842874531274e-03
6.186000000000e+05 -4.833343450035e-03
6.192000000000e+05 -4.823843142247e-03
6.198000000000e+05 -4.814373472074e-03
6.204000000000e+05 -4.804934304426e-03
6.210000000000e+05 -4.795525504953e-03
6.216000000000e+05 -4.786146940043e-03
6.222000000000e+05 -4.776798476813e-03
6.228000000000e+05 -4.767479983109e-03
6.234000000000e+05 -4.758191327499e-03
6.240000000000e+05 -4.748932379266e-03
6.246000000000e+05 -4.739703008409e-03
6.252000000000e+05 -4.730503085635e-03
6.258000000000e+05 -4.721332482352e-03
6.264000000000e+05 -4.712191070671e-03
6.270000000000e+05 -4.703078723397e-03
6.276000000000e+05 -4.693995314024e-03
6.282000000000e+05 -4.684940716734e-03
6.288000000000e+05 -4.675914806390e-03
6.294000000000e+05 -4.666917458532e-03
6.300000000000e+05 -4.657948549376e-03
6.306000000000e+05 -4.649007955803e-03
6.312000000000e+05 -4.640095555361e-03
6.318000000000e+05 -4.631211226258e-03
6.324000000000e+05 -4.622354847359e-03
6.330000000000e+05 -4.613526298181e-03
6.336000000000e+05 -4.604725458889e-03
6.342000000000e+05 -4.595952210290e-03
6.348000000000e+05 -4.587206433835e-03
6.354000000000e+05 -4.578488011607e-03
6.360000000000e+05 -4.569796826324e-03
6.366000000000e+05 -4.561132761330e-03
6.372000000000e+05 -4.552495700593e-03
6.378000000000e+05 -4.543885528703e-03
6.384000000000e+05 -4.535302130864e-03
6.390000000000e+05 -4.526745392893e-03
6.396000000000e+05 -4.518215201217e-03
6.402000000000e+05 -4.509711442865e-03
6.408000000000e+05 -4.501234005469e-03
6.414000000000e+05 -4.492782777257e-03
6.420000000000e+05 -4.484357647052e-03
6.426000000000e+05 -4.475958504264e-03
6.432000000000e+05 -4.467585238892e-03
6.438000000000e+05 -4.459237741516e-03
6.444000000000e+05 -4.450915903294e-03
6.450000000000e+05 -4.442619615960e-03
6.456000000000e+05 -4.434348771821e-03
6.462000000000e+05 -4.426103263749e-03
6.468000000000e+05 -4.417882985183e-03
6.474000000000e+05 -4.409687830121e-03
6.480000000000e+05 -4.401517693120e-03
6.486000000000e+05 -4.393372469292e-03
6.492000000000e+05 -4.385252054297e-03
6.498000000000e+05 -4.377156344343e-03
6.504000000000e+05 -4.369085236184e-03
6.510000000000e+05 -4.361038627112e-03
6.516000000000e+05 -4.353016414957e-03
6.522000000000e+05 -4.345018498083e-03
6.528000000000e+05 -4.337044775385e-03
6.534000000000e+05 -4.329095146283e-03
6.540000000000e+05 -4.321169510724e-03
6.546000000000e+05 -4.313267769175e-03
6.552000000000e+05 -4.305389822619e-03
6.558000000000e+05 -4.297535572555e-03
6.564000000000e+05 -4.289704920993e-03
6.570000000000e+05 -4.281897770451e-03
6.576000000000e+05 -4.274114023953e-03
6.582000000000e+05 -4.266353585022e-03
6.588000000000e+05 -4.258616357683e-03
6.594000000000e+05 -4.250902246456e-03
6.600000000000e+05 -4.243211156353e-03
6.606000000000e+05 -4.235542992877e-03
6.612000000000e+05 -4.227897662016e-03
6.618000000000e+05 -4.220275070243e-03
6.624000000000e+05 -4.212675124513e-03
6.630000000000e+05 -4.205097732257e-03
6.636000000000e+05 -4.197542801381e-03
6.642000000000e+05 -4.190010240266e-03
6.648000000000e+05 -4.182499957759e-03
6.654000000000e+05 -4.175011863175e-03
6.660000000000e+05 -4.167545866292e-03
6.666000000000e+05 -4.160101877351e-03
6.672000000000e+05 -4.152679807047e-03
6.678000000000e+05 -4.145279566534e-03
6.684000000000e+05 -4.137901067417e-03
6.690000000000e+05 -4.130544221751e-03
6.696000000000e+05 -4.123208942038e-03
6.702000000000e+05 -4.115895141224e-03
6.708000000000e+05 -4.108602732698e-03
6.714000000000e+05 -4.101331630286e-03
6.720000000000e+05 -4.094081748253e-03
6.726000000000e+05 -4.086853001295e-03
6.732000000000e+05 -4.079645304541e-03
6.738000000000e+05 -4.072458573549e-03
6.744000000000e+05 -4.065292724302e-03
6.750000000000e+05 -4.058147673206e-03
6.756000000000e+05 -4.051023337090e-03
6.762000000000e+05 -4.043919633199e-03
6.768000000000e+05 -4.036836479196e-03
6.774000000000e+05 -4.029773793155e-03
6.780000000000e+05 -4.022731493565e-03
6.786000000000e+05 -4.015709499319e-03
6.792000000000e+05 -4.008707729720e-03
6.798000000000e+05 -4.001726104471e-03
6.804000000000e+05 -3.994764543680e-03
6.810000000000e+05 -3.987822967851e-03
6.816000000000e+05 -3.980901297887e-03
6.822000000000e+05 -3.973999455082e-03
6.828000000000e+05 -3.967117361126e-03
6.834000000000e+05 -3.960254938095e-03
6.840000000000e+05 -3.953412108454e-03
6.846000000000e+05 -3.946588795053e-03
6.852000000000e+05 -3.939784921123e-03
6.858000000000e+05 -3.933000410278e-03
6.864000000000e+05 -3.926235186507e-03
6.870000000000e+05 -3.919489174180e-03
6.876000000000e+05 -3.912762298034e-03
6.882000000000e+05 -3.906054483184e-03
6.888000000000e+05 -3.899365655109e-03
6.894000000000e+05 -3.892695739660e-03
6.900000000000e+05 -3.886044663049e-03
6.906000000000e+05 -3.879412351854e-03
6.912000000000e+05 -3.872798733011e-03
6.918000000000e+05 -3.866203733817e-03
6.924000000000e+05 -3.859627281924e-03
6.930000000000e+05 -3.853069305340e-03
6.936000000000e+05 -3.846529732424e-03
6.942000000000e+05 -3.840008491885e-03
6.948000000000e+05 -3.833505512783e-03
6.954000000000e+05 -3.827020724522e-03
6.960000000000e+05 -3.820554056850e-03
6.966000000000e+05 -3.814105439859e-03
6.972000000000e+05 -3.807674803980e-03
6.978000000000e+05 -3.801262079983e-03
6.984000000000e+05 -3.794867198973e-03
6.990000000000e+05 -3.788490092392e-03
6.996000000000e+05 -3.782130692011e-03
7.002000000000e+05 -3.775788929936e-03
7.008000000000e+05 -3.769464738597e-03
7.014000000000e+05 -3.763158050754e-03
7.020000000000e+05 -3.756868799491e-03
7.026000000000e+05 -3.750596918213e-03
7.032000000000e+05 -3.744342340650e-03
7.038000000000e+05 -3.738105000848e-03
7.044000000000e+05 -3.731884833171e-03
7.050000000000e+05 -3.725681772301e-03
7.056000000000e+05 -3.719495753230e-03
7.062000000000e+05 -3.713326711265e-03
7.068000000000e+05 -3.707174582024e-03
7.074000000000e+05 -3.701039301430e-03
7.080000000000e+05 -3.694920805714e-03
7.086000000000e+05 -3.688819031412e-03
7.092000000000e+05 -3.682733915365e-03
7.098000000000e+05 -3.676665394711e-03
7.104000000000e+05 -3.670613406893e-03
7.110000000000e+05 -3.664577889649e-03
7.116000000000e+05 -3.658558781014e-03
7.122000000000e+05 -3.652556019318e-03
7.128000000000e+05 -3.646569543181e-03
7.134000000000e+05 -3.640599291520e-03
7.140000000000e+05 -3.634645203537e-03
7.146000000000e+05 -3.628707218724e-03
7.152000000000e+05 -3.622785276860e-03
7.158000000000e+05 -3.616879318007e-03
7.164000000000e+05 -3.610989282511e-03
7.170000000000e+05 -3.605115110999e-03
7.176000000000e+05 -3.599256744380e-03
7.182000000000e+05 -3.593414123837e-03
7.188000000000e+05 -3.587587190836e-03
7.194000000000e+05 -3.581775887112e-03
7.200000000000e+05 -3.575980154678e-03
7.206000000000e+05 -3.570199935818e-03
7.212000000000e+05 -3.564435173085e-03
7.218000000000e+05 -3.558685809304e-03
7.224000000000e+05 -3.552951787565e-03
7.230000000000e+05 -3.547233051227e-03
7.236000000000e+05 -3.541529543909e-03
7.242000000000e+05 -3.535841209499e-03
7.248000000000e+05 -3.530167992142e-03
7.254000000000e+05 -3.524509836246e-03
7.260000000000e+05 -3.518866686475e-03
7.266000000000e+05 -3.513238487753e-03
7.272000000000e+05 -3.507625185260e-03
7.278000000000e+05 -3.502026724428e-03
7.284000000000e+05 -3.496443050943e-03
7.290000000000e+05 -3.490874110744e-03
7.296000000000e+05 -3.485319850019e-03
7.302000000000e+05 -3.479780215206e-03
7.308000000000e+05 -3.474255152988e-03
7.314000000000e+05 -3.468744610298e-03
7.320000000000e+05 -3.463248534309e-03
7.326000000000e+05 -3.457766872441e-03
7.332000000000e+05 -3.452299572355e-03
7.338000000000e+05 -3.446846581954e-03
7.344000000000e+05 -3.441407849377e-03
7.350000000000e+05 -3.435983323004e-03
7.356000000000e+05 -3.430572951450e-03
7.362000000000e+05 -3.425176683568e-03
7.368000000000e+05 -3.419794468443e-03
7.374000000000e+05 -3.414426255393e-03
7.380000000000e+05 -3.409071993968e-03
7.386000000000e+05 -3.403731633949e-03
7.392000000000e+05 -3.398405125345e-03
7.398000000000e+05 -3.393092418393e-03
7.404000000000e+05 -3.387793463557e-03
7.410000000000e+05 -3.382508211526e-03
7.416000000000e+05 -3.377236613214e-03
7.422000000000e+05 -3.371978619757e-03
7.428000000000e+05 -3.366734182512e-03
7.434000000000e+05 -3.361503253058e-03
7.440000000000e+05 -3.356285783192e-03
7.446000000000e+05 -3.351081724931e-03
7.452000000000e+05 -3.345891030506e-03
7.458000000000e+05 -3.340713652365e-03
7.464000000000e+05 -3.335549543174e-03
7.470000000000e+05 -3.330398655806e-03
7.476000000000e+05 -3.325260943350e-03
7.482000000000e+05 -3.320136359106e-03
7.488000000000e+05 -3.315024856583e-03
7.494000000000e+05 -3.309926389500e-03
7.500000000000e+05 -3.304840911781e-03
7.506000000000e+05 -3.299768377560e-03
7.512000000000e+05 -3.294708741174e-03
7.518000000000e+05 -3.289661957167e-03
7.524000000000e+05 -3.284627980282e-03
7.530000000000e+05 -3.279606765468e-03
7.536000000000e+05 -3.274598267874e-03
7.542000000000e+05 -3.269602442849e-03
7.548000000000e+05 -3.264619245939e-03
7.554000000000e+05 -3.259648632891e-03
7.560000000000e+05 -3.254690559647e-03
7.566000000000e+05 -3.249744982344e-03
7.572000000000e+05 -3.244811857316e-03
7.578000000000e+05 -3.239891141089e-03
7.584000000000e+05 -3.234982790381e-03
7.590000000000e+05 -3.230086762104e-03
7.596000000000e+05 -3.225203013360e-03
7.602000000000e+05 -3.220331501437e-03
7.608000000000e+05 -3.215472183817e-03
7.614000000000e+05 -3.210625018165e-03
7.620000000000e+05 -3.205789962336e-03
7.626000000000e+05 -3.200966974367e-03
7.632000000000e+05 -3.196156012484e-03
7.638000000000e+05 -3.191357035093e-03
7.644000000000e+05 -3.186570000785e-03
7.650000000000e+05 -3.181794868329e-03
7.656000000000e+05 -3.177031596680e-03
7.662000000000e+05 -3.172280144969e-03
7.668000000000e+05 -3.167540472506e-03
7.674000000000e+05 -3.162812538781e-03
7.680000000000e+05 -3.158096303460e-03
7.686000000000e+05 -3.153391726384e-03
7.692000000000e+05 -3.148698767570e-03
7.698000000000e+05 -3.144017387210e-03
7.704000000000e+05 -3.139347545668e-03
7.710000000000e+05 -3.134689203480e-03
7.716000000000e+05 -3.130042321355e-03
7.722000000000e+05 -3.125406860170e-03
7.728000000000e+05 -3.120782780976e-03
7.734000000000e+05 -3.116170044988e-03
7.740000000000e+05 -3.111568613591e-03
7.746000000000e+05 -3.106978448339e-03
7.752000000000e+05 -3.102399510948e-03
7.758000000000e+05 -3.097831763303e-03
7.764000000000e+05 -3.093275167451e-03
7.770000000000e+05 -3.088729685604e-03
7.776000000000e+05 -3.084195280137e-03
7.782000000000e+05 -3.079671913584e-03
7.788000000000e+05 -3.075159548645e-03
7.794000000000e+05 -3.070658148175e-03
7.800000000000e+05 -3.066167675191e-03
7.806000000000e+05 -3.061688092870e-03
7.812000000000e+05 -3.057219364543e-03
7.818000000000e+05 -3.052761453702e-03
7.824000000000e+05 -3.048314323992e-03
7.830000000000e+05 -3.043877939215e-03
7.836000000000e+05 -3.039452263326e-03
7.842000000000e+05 -3.035037260436e-03
7.848000000000e+05 -3.030632894806e-03
7.854000000000e+05 -3.026239130852e-03
7.860000000000e+05 -3.021855933141e-03
7.866000000000e+05 -3.017483266388e-03
7.872000000000e+05 -3.013121095461e-03
7.878000000000e+05 -3.008769385374e-03
7.884000000000e+05 -3.004428101291e-03
7.890000000000e+05 -3.000097208524e-03
7.896000000000e+05 -2.995776672532e-03
7.902000000000e+05 -2.991466458917e-03
7.908000000000e+05 -2.987166533431e-03
7.914000000000e+05 -2.982876861966e-03
7.920000000000e+05 -2.978597410561e-03
7.926000000000e+05 -2.974328145397e-03
7.932000000000e+05 -2.970069032797e-03
7.938000000000e+05 -2.965820039225e-03
7.944000000000e+05 -2.961581131289e-03
7.950000000000e+05 -2.957352275733e-03
7.956000000000e+05 -2.953133439443e-03
7.962000000000e+05 -2.948924589444e-03
7.968000000000e+05 -2.944725692898e-03
7.974000000000e+05 -2.940536717105e-03
7.980000000000e+05 -2.936357629501e-03
7.986000000000e+05 -2.932188397659e-03
7.992000000000e+05 -2.928028989287e-03
7.998000000000e+05 -2.923879372227e-03
8.004000000000e+05 -2.919739514455e-03
8.010000000000e+05 -2.915609384081e-03
8.016000000000e+05 -2.911488949348e-03
8.022000000000e+05 -2.907378178629e-03
8.028000000000e+05 -2.903277040430e-03
8.034000000000e+05 -2.899185503388e-03
8.040000000000e+05 -2.895103536269e-03
8.046000000000e+05 -2.891031107967e-03
8.052000000000e+05 -2.886968187508e-03
8.058000000000e+05 -2.882914744043e-03
8.064000000000e+05 -2.878870746853e-03
8.070000000000e+05 -2.874836165342e-03
8.076000000000e+05 -2.870810969045e-03
8.082000000000e+05 -2.866795127619e-03
8.088000000000e+05 -2.862788610846e-03
8.094000000000e+05 -2.858791388635e-03
8.100000000000e+05 -2.854803431016e-03
8.106000000000e+05 -2.850824708142e-03
8.112000000000e+05 -2.846855190290e-03
8.118000000000e+05 -2.842894847859e-03
8.124000000000e+05 -2.838943651367e-03
8.130000000000e+05 -2.835001571454e-03
8.136000000000e+05 -2.831068578881e-03
8.142000000000e+05 -2.827144644526e-03
8.148000000000e+05 -2.823229739389e-03
8.154000000000e+05 -2.819323834584e-03
8.160000000000e+05 -2.815426901348e-03
8.166000000000e+05 -2.811538911030e-03
8.172000000000e+05 -2.807659835099e-03
8.178000000000e+05 -2.803789645138e-03
8.184000000000e+05 -2.799928312846e-03
8.190000000000e+05 -2.796075810038e-03
8.196000000000e+05 -2.792232108641e-03
8.202000000000e+05 -2.788397180697e-03
8.208000000000e+05 -2.784570998362e-03
8.214000000000e+05 -2.780753533902e-03
8.220000000000e+05 -2.776944759697e-03
8.226000000000e+05 -2.773144648238e-03
8.232000000000e+05 -2.769353172128e-03
8.238000000000e+05 -2.765570304079e-03
8.244000000000e+05 -2.761796016912e-03
8.250000000000e+05 -2.758030283560e-03
8.256000000000e+05 -2.754273077062e-03
8.262000000000e+05 -2.750524370568e-03
8.268000000000e+05 -2.746784137334e-03
8.274000000000e+05 -2.743052350723e-03
8.280000000000e+05 -2.739328984206e-03
8.286000000000e+05 -2.735614011359e-03
8.292000000000e+05 -2.731907405865e-03
8.298000000000e+05 -2.728209141510e-03
8.304000000000e+05 -2.724519192187e-03
8.310000000000e+05 -2.720837531891e-03
8.316000000000e+05 -2.717164134723e-03
8.322000000000e+05 -2.713498974885e-03
8.328000000000e+05 -2.709842026683e-03
8.334000000000e+05 -2.706193264525e-03
8.340000000000e+05 -2.702552662919e-03
8.346000000000e+05 -2.698920196477e-03
8.352000000000e+05 -2.695295839910e-03
8.358000000000e+05 -2.691679568028e-03
8.364000000000e+05 -2.688071355744e-03
8.370000000000e+05 -2.684471178068e-03
8.376000000000e+05 -2.680879010108e-03
8.382000000000e+05 -2.677294827073e-03
8.388000000000e+05 -2.673718604268e-03
8.394000000000e+05 -2.670150317094e-03
8.400000000000e+05 -2.666589941053e-03
8.406000000000e+05 -2.663037451740e-03
8.412000000000e+05 -2.659492824846e-03
8.418000000000e+05 -2.655956036160e-03
8.424000000000e+05 -2.652427061565e-03
8.430000000000e+05 -2.648905877036e-03
8.436000000000e+05 -2.645392458647e-03
8.442000000000e+05 -2.641886782561e-03
8.448000000000e+05 -2.638388825037e-03
8.454000000000e+05 -2.634898562427e-03
8.460000000000e+05 -2.631415971174e-03
8.466000000000e+05 -2.627941027814e-03
8.472000000000e+05 -2.624473708974e-03
8.478000000000e+05 -2.621013991372e-03
8.484000000000e+05 -2.617561851817e-03
8.490000000000e+05 -2.614117267208e-03
8.496000000000e+05 -2.610680214535e-03
8.502000000000e+05 -2.607250670874e-03
8.508000000000e+05 -2.603828613395e-03
8.514000000000e+05 -2.600414019352e-03
8.520000000000e+05 -2.597006866091e-03
8.526000000000e+05 -2.593607131041e-03
8.532000000000e+05 -2.590214791723e-03
8.538000000000e+05 -2.586829825743e-03
8.544000000000e+05 -2.583452210792e-03
8.550000000000e+05 -2.580081924650e-03
8.556000000000e+05 -2.576718945181e-03
8.562000000000e+05 -2.573363250334e-03
8.568000000000e+05 -2.570014818144e-03
8.574000000000e+05 -2.566673626729e-03
8.580000000000e+05 -2.563339654293e-03
8.586000000000e+05 -2.560012879123e-03
8.592000000000e+05 -2.556693279589e-03
8.598000000000e+05 -2.553380834143e-03
8.604000000000e+05 -2.550075521321e-03
8.610000000000e+05 -2.546777319741e-03
8.616000000000e+05 -2.543486208103e-03
8.622000000000e+05 -2.540202165187e-03
8.628000000000e+05 -2.536925169856e-03
8.634000000000e+05 -2.533655201052e-03
8.640000000000e+05 -2.530392237798e-03
