# Observation File: observation_flux.dat column names:
# -----------------------------------------------------------------------------
# Observation Name: time [s]
# -----------------------------------------------------------------------------
# Observation Name: observation mass flux
# Region: observation region
# Reduction: extensive integral
# Variable: water_flux
# Number of Vectors: 1
# =============================================================================
"time [s]" "observation mass flux"
0.000000000000e+00 1.618265183781e-05
6.000000000000e+02 1.475712423939e-15
1.200000000000e+03 1.475712444673e-15
1.800000000000e+03 1.475712465411e-15
2.400000000000e+03 1.475712485978e-15
3.000000000000e+03 1.475712506881e-15
3.600000000000e+03 1.475712527456e-15
4.200000000000e+03 1.475712548358e-15
4.800000000000e+03 1.475712569093e-15
5.400000000000e+03 1.475712589668e-15
6.000000000000e+03 1.475712610571e-15
6.600000000000e+03 1.475712631138e-15
7.200000000000e+03 1.475712651707e-15
7.800000000000e+03 1.475712672286e-15
8.400000000000e+03 1.475712693020e-15
9.000000000000e+03 1.475712713590e-15
9.600000000000e+03 1.475712734157e-15
1.020000000000e+04 1.475712754735e-15
1.080000000000e+04 1.475712775302e-15
1.140000000000e+04 1.475712795875e-15
1.200000000000e+04 1.475712816441e-15
1.260000000000e+04 1.475712837011e-15
1.320000000000e+04 1.475712857746e-15
1.380000000000e+04 1.475712878316e-15
1.440000000000e+04 1.475712899059e-15
1.500000000000e+04 1.475712919794e-15
1.560000000000e+04 1.475712940360e-15
1.620000000000e+04 1.475712961095e-15
1.680000000000e+04 1.475712981673e-15
1.740000000000e+04 1.475713002240e-15
1.800000000000e+04 1.475713022813e-15
1.860000000000e+04 1.475713043388e-15
1.920000000000e+04 1.475713063958e-15
1.980000000000e+04 1.475713084524e-15
2.040000000000e+04 1.475713105097e-15
2.100000000000e+04 1.475713125841e-15
2.160000000000e+04 1.475713146407e-15
2.220000000000e+04 1.475713166977e-15
2.280000000000e+04 1.475713187544e-15
2.340000000000e+04 1.475713208117e-15
2.400000000000e+04 1.475713228683e-15
2.460000000000e+04 1.475713249418e-15
2.520000000000e+04 1.475713269996e-15
2.580000000000e+04 1.475713290896e-15
2.640000000000e+04 1.475713311631e-15
2.700000000000e+04 1.475713332200e-15
2.760000000000e+04 1.475713352775e-15
2.820000000000e+04 1.475713373345e-15
2.880000000000e+04 1.475713394080e-15
2.940000000000e+04 1.475713414650e-15
3.000000000000e+04 1.475713435225e-15
3.060000000000e+04 1.475713455795e-15
3.120000000000e+04 1.475713476533e-15
3.180000000000e+04 1.475713497276e-15
3.240000000000e+04 1.475713517843e-15
3.300000000000e+04 1.475713538577e-15
3.360000000000e+04 1.475713559312e-15
3.420000000000e+04 1.475713580047e-15
3.480000000000e+04 1.475713600949e-15
3.540000000000e+04 1.475713621516e-15
3.600000000000e+04 1.475713642251e-15
3.660000000000e+04 1.475713662994e-15
3.720000000000e+04 1.475713683728e-15
3.780000000000e+04 1.475713704631e-15
3.840000000000e+04 1.475713725206e-15
3.900000000000e+04 1.475713745941e-15
3.960000000000e+04 1.475713766676e-15
4.020000000000e+04 1.475713787410e-15
4.080000000000e+04 1.475713808322e-15
4.140000000000e+04 1.475713828888e-15
4.200000000000e+04 1.475713849623e-15
4.260000000000e+04 1.475713870201e-15
4.320000000000e+04 1.475713890771e-15
4.380000000000e+04 1.475713911341e-15
4.440000000000e+04 1.475713931907e-15
4.500000000000e+04 1.475713952477e-15
4.560000000000e+04 1.475713973212e-15
4.620000000000e+04 1.475713993782e-15
4.680000000000e+04 1.475714014352e-15
4.740000000000e+04 1.475714035095e-15
4.800000000000e+04 1.475714055662e-15
4.860000000000e+04 1.475714076231e-15
4.920000000000e+04 1.475714096810e-15
4.980000000000e+04 1.475714117545e-15
5.040000000000e+04 1.475714138279e-15
5.100000000000e+04 1.475714158846e-15
5.160000000000e+04 1.475714179589e-15
5.220000000000e+04 1.475714200323e-15
5.280000000000e+04 1.475714220893e-15
5.340000000000e+04 1.475714241628e-15
5.400000000000e+04 1.475714262206e-15
5.460000000000e+04 1.475714282941e-15
5.520000000000e+04 1.475714303676e-15
5.580000000000e+04 1.475714324245e-15
5.640000000000e+04 1.475714344812e-15
5.700000000000e+04 1.475714365382e-15
5.760000000000e+04 1.475714386281e-15
5.820000000000e+04 1.475714406863e-15
5.880000000000e+04 1.475714427430e-15
5.940000000000e+04 1.475714447999e-15
6.000000000000e+04 1.475714468734e-15
6.060000000000e+04 1.475714489477e-15
6.120000000000e+04 1.475714510044e-15
6.180000000000e+04 1.475714530782e-15
6.240000000000e+04 1.475714551360e-15
6.300000000000e+04 1.475714572095e-15
6.360000000000e+04 1.475714592829e-15
6.420000000000e+04 1.475714613564e-15
6.480000000000e+04 1.475714634307e-15
6.540000000000e+04 1.475714654874e-15
6.600000000000e+04 1.475714675444e-15
6.660000000000e+04 1.475714696013e-15
6.720000000000e+04 1.475714716748e-15
6.780000000000e+04 1.475714737483e-15
6.840000000000e+04 1.475714758049e-15
6.900000000000e+04 1.475714778793e-15
6.960000000000e+04 1.475714799362e-15
7.020000000000e+04 1.475714819932e-15
7.080000000000e+04 1.475714840502e-15
7.140000000000e+04 1.475714861245e-15
7.200000000000e+04 1.475714881812e-15
7.260000000000e+04 1.475714902382e-15
7.320000000000e+04 1.475714923116e-15
7.380000000000e+04 1.475714943692e-15
7.440000000000e+04 1.475714964265e-15
7.500000000000e+04 1.475714984831e-15
7.560000000000e+04 1.475715005410e-15
7.620000000000e+04 1.475715026144e-15
7.680000000000e+04 1.475715046711e-15
7.740000000000e+04 1.475715067284e-15
7.800000000000e+04 1.475715087851e-15
7.860000000000e+04 1.475715108417e-15
7.920000000000e+04 1.475715128987e-15
7.980000000000e+04 1.475715149725e-15
8.040000000000e+04 1.475715170465e-15
8.100000000000e+04 1.475715191203e-15
8.160000000000e+04 1.475715212099e-15
8.220000000000e+04 1.475715232681e-15
8.280000000000e+04 1.475715253415e-15
8.340000000000e+04 1.475715274150e-15
8.400000000000e+04 1.475715294885e-15
8.460000000000e+04 1.475715315793e-15
8.520000000000e+04 1.475715336363e-15
8.580000000000e+04 1.475715357097e-15
8.640000000000e+04 1.475715377997e-15
8.700000000000e+04 1.475715398575e-15
8.760000000000e+04 1.475715419475e-15
8.820000000000e+04 1.475715440209e-15
8.880000000000e+04 1.475715460944e-15
8.940000000000e+04 1.475715481679e-15
9.000000000000e+04 1.475715502249e-15
9.060000000000e+04 1.475715523148e-15
9.120000000000e+04 1.475715543727e-15
9.180000000000e+04 1.475715564461e-15
9.240000000000e+04 1.475715585028e-15
9.300000000000e+04 1.475715605771e-15
9.360000000000e+04 1.475715626506e-15
9.420000000000e+04 1.475715647240e-15
9.480000000000e+04 1.475715668143e-15
9.540000000000e+04 1.475715688718e-15
9.600000000000e+04 1.475715709291e-15
9.660000000000e+04 1.475715730026e-15
9.720000000000e+04 1.475715750761e-15
9.780000000000e+04 1.475715771504e-15
9.840000000000e+04 1.475715792071e-15
9.900000000000e+04 1.475715812805e-15
9.960000000000e+04 1.475715833708e-15
1.002000000000e+05 1.475715854443e-15
1.008000000000e+05 1.475715875009e-15
1.014000000000e+05 1.475715895744e-15
1.020000000000e+05 1.475715916487e-15
1.026000000000e+05 1.475715937222e-15
1.032000000000e+05 1.475715958125e-15
1.038000000000e+05 1.475715978691e-15
1.044000000000e+05 1.475715999603e-15
1.050000000000e+05 1.475716020169e-15
1.056000000000e+05 1.475716040904e-15
1.062000000000e+05 1.475716061815e-15
1.068000000000e+05 1.475716082382e-15
1.074000000000e+05 1.475716103117e-15
1.080000000000e+05 1.475716123851e-15
1.086000000000e+05 1.475716144594e-15
1.092000000000e+05 1.475716165497e-15
1.098000000000e+05 1.475716186067e-15
1.104000000000e+05 1.475716206967e-15
1.110000000000e+05 1.475716227701e-15
1.116000000000e+05 1.475716248436e-15
1.122000000000e+05 1.475716269171e-15
1.128000000000e+05 1.475716289749e-15
1.134000000000e+05 1.475716310648e-15
1.140000000000e+05 1.475716331383e-15
1.146000000000e+05 1.475716351953e-15
1.152000000000e+05 1.475716372861e-15
1.158000000000e+05 1.475716393599e-15
1.164000000000e+05 1.475716414334e-15
1.170000000000e+05 1.475716435068e-15
1.176000000000e+05 1.475716455812e-15
1.182000000000e+05 1.475716476546e-15
1.188000000000e+05 1.475716497113e-15
1.194000000000e+05 1.475716518024e-15
1.200000000000e+05 1.475716538759e-15
1.206000000000e+05 1.475716559493e-15
1.212000000000e+05 1.475716580228e-15
1.218000000000e+05 1.475716600795e-15
1.224000000000e+05 1.475716621365e-15
1.230000000000e+05 1.475716641934e-15
1.236000000000e+05 1.475716662504e-15
1.242000000000e+05 1.475716683079e-15
1.248000000000e+05 1.475716703814e-15
1.254000000000e+05 1.475716724384e-15
1.260000000000e+05 1.475716745127e-15
1.266000000000e+05 1.475716765862e-15
1.272000000000e+05 1.475716786431e-15
1.278000000000e+05 1.475716807166e-15
1.284000000000e+05 1.475716827909e-15
1.290000000000e+05 1.475716848644e-15
1.296000000000e+05 1.475716869544e-15
1.302000000000e+05 1.475716890113e-15
1.308000000000e+05 1.475716910857e-15
1.314000000000e+05 1.475716931591e-15
1.320000000000e+05 1.475716952161e-15
1.326000000000e+05 1.475716972896e-15
1.332000000000e+05 1.475716993631e-15
1.338000000000e+05 1.475717014530e-15
1.344000000000e+05 1.475717035100e-15
1.350000000000e+05 1.475717056008e-15
1.356000000000e+05 1.475717076578e-15
1.362000000000e+05 1.475717097144e-15
1.368000000000e+05 1.475717117717e-15
1.374000000000e+05 1.475717138293e-15
1.380000000000e+05 1.475717158859e-15
1.386000000000e+05 1.475717179594e-15
1.392000000000e+05 1.475717200172e-15
1.398000000000e+05 1.475717220907e-15
1.404000000000e+05 1.475717241645e-15
1.410000000000e+05 1.475717262211e-15
1.416000000000e+05 1.475717282954e-15
1.422000000000e+05 1.475717303524e-15
1.428000000000e+05 1.475717324259e-15
1.434000000000e+05 1.475717344994e-15
1.440000000000e+05 1.475717365728e-15
1.446000000000e+05 1.475717386463e-15
1.452000000000e+05 1.475717407033e-15
1.458000000000e+05 1.475717427776e-15
1.464000000000e+05 1.475717448346e-15
1.470000000000e+05 1.475717468912e-15
1.476000000000e+05 1.475717489482e-15
1.482000000000e+05 1.475717510226e-15
1.488000000000e+05 1.475717530960e-15
1.494000000000e+05 1.475717551530e-15
1.500000000000e+05 1.475717572273e-15
1.506000000000e+05 1.475717592843e-15
1.512000000000e+05 1.475717613578e-15
1.518000000000e+05 1.475717634312e-15
1.524000000000e+05 1.475717655056e-15
1.530000000000e+05 1.475717675790e-15
1.536000000000e+05 1.475717696525e-15
1.542000000000e+05 1.475717717092e-15
1.548000000000e+05 1.475717737661e-15
1.554000000000e+05 1.475717758231e-15
1.560000000000e+05 1.475717778798e-15
1.566000000000e+05 1.475717799541e-15
1.572000000000e+05 1.475717820111e-15
1.578000000000e+05 1.475717840681e-15
1.584000000000e+05 1.475717861415e-15
1.590000000000e+05 1.475717881994e-15
1.596000000000e+05 1.475717902560e-15
1.602000000000e+05 1.475717923295e-15
1.608000000000e+05 1.475717943865e-15
1.614000000000e+05 1.475717964443e-15
1.620000000000e+05 1.475717985013e-15
1.626000000000e+05 1.475718005580e-15
1.632000000000e+05 1.475718026158e-15
1.638000000000e+05 1.475718046725e-15
1.644000000000e+05 1.475718067298e-15
1.650000000000e+05 1.475718088032e-15
1.656000000000e+05 1.475718108599e-15
1.662000000000e+05 1.475718129169e-15
1.668000000000e+05 1.475718149739e-15
1.674000000000e+05 1.475718170305e-15
1.680000000000e+05 1.475718191048e-15
1.686000000000e+05 1.475718211783e-15
1.692000000000e+05 1.475718232353e-15
1.698000000000e+05 1.475718252928e-15
1.704000000000e+05 1.475718273333e-15
1.710000000000e+05 1.475718293735e-15
1.716000000000e+05 1.475718313975e-15
1.722000000000e+05 1.475718333888e-15
1.728000000000e+05 1.475718352797e-15
1.734000000000e+05 1.475718370546e-15
1.740000000000e+05 1.475718385642e-15
1.746000000000e+05 1.475718395933e-15
1.752000000000e+05 1.475718396931e-15
1.758000000000e+05 1.475718379347e-15
1.764000000000e+05 1.475718322618e-15
1.770000000000e+05 1.475718180963e-15
1.776000000000e+05 1.475717844566e-15
1.782000000000e+05 1.475717162653e-15
1.788000000000e+05 1.475715731985e-15
1.794000000000e+05 1.475712645706e-15
1.800000000000e+05 1.475705969716e-15
1.806000000000e+05 1.475691693312e-15
1.812000000000e+05 1.475661744668e-15
1.818000000000e+05 1.475600352988e-15
1.824000000000e+05 1.475477567309e-15
1.830000000000e+05 1.475237945250e-15
1.836000000000e+05 1.474781027957e-15
1.842000000000e+05 1.473927469041e-15
1.848000000000e+05 1.472358818246e-15
1.854000000000e+05 1.469505591544e-15
1.860000000000e+05 1.464326868329e-15
1.866000000000e+05 1.454850256050e-15
1.872000000000e+05 1.437164500841e-15
1.878000000000e+05 1.403139595974e-15
1.884000000000e+05 1.335173651228e-15
1.890000000000e+05 1.194039840673e-15
1.896000000000e+05 8.888397937079e-16
1.902000000000e+05 2.071702871519e-16
1.908000000000e+05 -9.855744263337e-16
1.914000000000e+05 -3.563583014739e-15
1.920000000000e+05 -9.215339508648e-15
1.926000000000e+05 -2.137937841835e-14
1.932000000000e+05 -4.696082326515e-14
1.938000000000e+05 -9.938897948428e-14
1.944000000000e+05 -2.039874952018e-13
1.950000000000e+05 -4.071729245851e-13
1.956000000000e+05 -7.919886122713e-13
1.962000000000e+05 -1.504402353063e-12
1.968000000000e+05 -2.798960324221e-12
1.974000000000e+05 -5.122053549126e-12
1.980000000000e+05 -9.274047468800e-12
1.986000000000e+05 -1.674627253819e-11
1.992000000000e+05 -3.045837813286e-11
1.998000000000e+05 -5.642607610926e-11
2.004000000000e+05 -1.076000435293e-10
2.010000000000e+05 -2.127477987942e-10
2.016000000000e+05 -4.368716933384e-10
2.022000000000e+05 -9.273084686516e-10
2.028000000000e+05 -2.014881861522e-09
2.034000000000e+05 -4.427905999764e-09
2.040000000000e+05 -9.726697177723e-09
2.046000000000e+05 -2.114864192111e-08
2.052000000000e+05 -4.518237905119e-08
2.058000000000e+05 -9.437884597761e-08
2.064000000000e+05 -1.921689496735e-07
2.070000000000e+05 -3.807955792965e-07
2.076000000000e+05 -7.338632805005e-07
2.082000000000e+05 -1.375398680781e-06
2.088000000000e+05 -2.507545219162e-06
2.094000000000e+05 -4.448765905418e-06
2.100000000000e+05 -7.683103932761e-06
2.106000000000e+05 -1.291773894304e-05
2.112000000000e+05 -2.113985945376e-05
2.118000000000e+05 -3.365514896207e-05
2.124000000000e+05 -5.208338766117e-05
2.130000000000e+05 -7.829207462173e-05
2.136000000000e+05 -1.142760876912e-04
2.142000000000e+05 -1.620302897708e-04
2.148000000000e+05 -2.234759725636e-04
2.154000000000e+05 -3.004655634031e-04
2.160000000000e+05 -3.948334576007e-04
2.166000000000e+05 -5.084386341653e-04
2.172000000000e+05 -6.431664217388e-04
2.178000000000e+05 -8.008889128646e-04
2.184000000000e+05 -9.834001932890e-04
2.190000000000e+05 -1.192343415848e-03
2.196000000000e+05 -1.429141429098e-03
2.202000000000e+05 -1.694937587599e-03
2.208000000000e+05 -1.990550209322e-03
2.214000000000e+05 -2.316442461027e-03
2.220000000000e+05 -2.672708484543e-03
2.226000000000e+05 -3.059075802228e-03
2.232000000000e+05 -3.474923160726e-03
2.238000000000e+05 -3.919311812781e-03
2.244000000000e+05 -4.391026748186e-03
2.250000000000e+05 -4.888622835844e-03
2.256000000000e+05 -5.410470086034e-03
2.262000000000e+05 -5.954793542178e-03
2.268000000000e+05 -6.519707030968e-03
2.274000000000e+05 -7.103244103171e-03
2.280000000000e+05 -7.703390624996e-03
2.286000000000e+05 -8.318120707209e-03
2.292000000000e+05 -8.945433787553e-03
2.298000000000e+05 -9.583388841821e-03
2.304000000000e+05 -1.023013236324e-02
2.310000000000e+05 -1.088391850691e-02
2.316000000000e+05 -1.154312135833e-02
2.322000000000e+05 -1.220624021754e-02
2.328000000000e+05 -1.287189919106e-02
2.334000000000e+05 -1.353884247576e-02
2.340000000000e+05 -1.420592666315e-02
2.346000000000e+05 -1.487211127592e-02
2.352000000000e+05 -1.553644860219e-02
2.358000000000e+05 -1.619807372238e-02
2.364000000000e+05 -1.685619541603e-02
2.370000000000e+05 -1.751008837705e-02
2.376000000000e+05 -1.815908685392e-02
2.382000000000e+05 -1.880257951260e-02
2.388000000000e+05 -1.944000510873e-02
2.394000000000e+05 -2.007084858304e-02
2.400000000000e+05 -2.069463746615e-02
2.406000000000e+05 -2.131093880027e-02
2.412000000000e+05 -2.191935690553e-02
2.418000000000e+05 -2.251953217097e-02
2.424000000000e+05 -2.311114078097e-02
2.430000000000e+05 -2.369389507346e-02
2.436000000000e+05 -2.426754414340e-02
2.442000000000e+05 -2.483187433304e-02
2.448000000000e+05 -2.538670933641e-02
2.454000000000e+05 -2.593190974837e-02
2.460000000000e+05 -2.646737198382e-02
2.466000000000e+05 -2.699302657252e-02
2.472000000000e+05 -2.750883589691e-02
2.478000000000e+05 -2.801479148544e-02
2.484000000000e+05 -2.851091100320e-02
2.490000000000e+05 -2.899723509446e-02
2.496000000000e+05 -2.947382422800e-02
2.502000000000e+05 -2.994075567330e-02
2.508000000000e+05 -3.039812069594e-02
2.514000000000e+05 -3.084602201240e-02
2.520000000000e+05 -3.128457150494e-02
2.526000000000e+05 -3.171388818203e-02
2.532000000000e+05 -3.213409638156e-02
2.538000000000e+05 -3.254532423644e-02
2.544000000000e+05 -3.294770243265e-02
2.550000000000e+05 -3.334136328158e-02
2.556000000000e+05 -3.372644010389e-02
2.562000000000e+05 -3.410306689502e-02
2.568000000000e+05 -3.447137822037e-02
2.574000000000e+05 -3.483150927539e-02
2.580000000000e+05 -3.518359604274e-02
2.586000000000e+05 -3.552777548324e-02
2.592000000000e+05 -3.586418570697e-02
2.598000000000e+05 -3.619296608400e-02
2.604000000000e+05 -3.651425726847e-02
2.610000000000e+05 -3.682820112391e-02
2.616000000000e+05 -3.713494055093e-02
2.622000000000e+05 -3.743461922869e-02
2.628000000000e+05 -3.772738128942e-02
2.634000000000e+05 -3.801337094786e-02
2.640000000000e+05 -3.829273210704e-02
2.646000000000e+05 -3.856560795740e-02
2.652000000000e+05 -3.883214058219e-02
2.658000000000e+05 -3.909247057891e-02
2.664000000000e+05 -3.934673670666e-02
2.670000000000e+05 -3.959507556977e-02
2.676000000000e+05 -3.983762134919e-02
2.682000000000e+05 -4.007450559101e-02
2.688000000000e+05 -4.030585705889e-02
2.694000000000e+05 -4.053180165201e-02
2.700000000000e+05 -4.075246238567e-02
2.706000000000e+05 -4.096795942716e-02
2.712000000000e+05 -4.117841017634e-02
2.718000000000e+05 -4.138392937830e-02
2.724000000000e+05 -4.158462925510e-02
2.730000000000e+05 -4.178061964408e-02
2.736000000000e+05 -4.197200813178e-02
2.742000000000e+05 -4.215890017508e-02
2.748000000000e+05 -4.234139920361e-02
2.754000000000e+05 -4.251960670049e-02
2.760000000000e+05 -4.269362226065e-02
2.766000000000e+05 -4.286354362823e-02
2.772000000000e+05 -4.302946671534e-02
2.778000000000e+05 -4.319148560515e-02
2.784000000000e+05 -4.334969254253e-02
2.790000000000e+05 -4.350417791537e-02
2.796000000000e+05 -4.365503022989e-02
2.802000000000e+05 -4.380233608378e-02
2.808000000000e+05 -4.394618014080e-02
2.814000000000e+05 -4.408664511050e-02
2.820000000000e+05 -4.422381173634e-02
2.826000000000e+05 -4.435775879462e-02
2.832000000000e+05 -4.448856310554e-02
2.838000000000e+05 -4.461629955695e-02
2.844000000000e+05 -4.474104113999e-02
2.850000000000e+05 -4.486285899523e-02
2.856000000000e+05 -4.498182246705e-02
2.862000000000e+05 -4.509799916376e-02
2.868000000000e+05 -4.521145502084e-02
2.874000000000e+05 -4.532225436467e-02
2.880000000000e+05 -4.543045997468e-02
2.886000000000e+05 -4.553613314199e-02
2.892000000000e+05 -4.563933372352e-02
2.898000000000e+05 -4.574012019068e-02
2.904000000000e+05 -4.583854967239e-02
2.910000000000e+05 -4.593467799241e-02
2.916000000000e+05 -4.602855970129e-02
2.922000000000e+05 -4.612024810329e-02
2.928000000000e+05 -4.620979527916e-02
2.934000000000e+05 -4.629725210530e-02
2.940000000000e+05 -4.638266827056e-02
2.946000000000e+05 -4.646609229148e-02
2.952000000000e+05 -4.654757152704e-02
2.958000000000e+05 -4.662715219397e-02
2.964000000000e+05 -4.670487938318e-02
2.970000000000e+05 -4.678079707808e-02
2.976000000000e+05 -4.685494817500e-02
2.982000000000e+05 -4.692737450586e-02
2.988000000000e+05 -4.699811686288e-02
2.994000000000e+05 -4.706721502516e-02
3.000000000000e+05 -4.713470778648e-02
3.006000000000e+05 -4.720063298402e-02
3.012000000000e+05 -4.726502752723e-02
3.018000000000e+05 -4.732792742657e-02
3.024000000000e+05 -4.738936782141e-02
3.030000000000e+05 -4.744938300700e-02
3.036000000000e+05 -4.750800645993e-02
3.042000000000e+05 -4.756527086223e-02
3.048000000000e+05 -4.762120812364e-02
3.054000000000e+05 -4.767584940231e-02
3.060000000000e+05 -4.772922512383e-02
3.066000000000e+05 -4.778136499871e-02
3.072000000000e+05 -4.783229803858e-02
3.078000000000e+05 -4.788205257112e-02
3.084000000000e+05 -4.793065625429e-02
3.090000000000e+05 -4.797813608971e-02
3.096000000000e+05 -4.802451843587e-02
3.102000000000e+05 -4.806982902104e-02
3.108000000000e+05 -4.811409295626e-02
3.114000000000e+05 -4.815733474851e-02
3.120000000000e+05 -4.819957831404e-02
3.126000000000e+05 -4.824084699208e-02
3.132000000000e+05 -4.828116355866e-02
3.138000000000e+05 -4.832055024069e-02
3.144000000000e+05 -4.835902873006e-02
3.150000000000e+05 -4.839662019777e-02
3.156000000000e+05 -4.843334530791e-02
3.162000000000e+05 -4.846922423135e-02
3.168000000000e+05 -4.850427665921e-02
3.174000000000e+05 -4.853852181576e-02
3.180000000000e+05 -4.857197847102e-02
3.186000000000e+05 -4.860466495267e-02
3.192000000000e+05 -4.863659915750e-02
3.198000000000e+05 -4.866779856233e-02
3.204000000000e+05 -4.869828023427e-02
3.210000000000e+05 -4.872806084064e-02
3.216000000000e+05 -4.875715665827e-02
3.222000000000e+05 -4.878558358248e-02
3.228000000000e+05 -4.881335713573e-02
3.234000000000e+05 -4.884049247595e-02
3.240000000000e+05 -4.886700440466e-02
3.246000000000e+05 -4.889290737494e-02
3.252000000000e+05 -4.891821549931e-02
3.258000000000e+05 -4.894294255746e-02
3.264000000000e+05 -4.896710200396e-02
3.270000000000e+05 -4.899070697588e-02
3.276000000000e+05 -4.901377030041e-02
3.282000000000e+05 -4.903630450232e-02
3.288000000000e+05 -4.905832181138e-02
3.294000000000e+05 -4.907983416968e-02
3.300000000000e+05 -4.910085323882e-02
3.306000000000e+05 -4.912139040690e-02
3.312000000000e+05 -4.914145679541e-02
3.318000000000e+05 -4.916106326587e-02
3.324000000000e+05 -4.918022042633e-02
3.330000000000e+05 -4.919893863760e-02
3.336000000000e+05 -4.921722801931e-02
3.342000000000e+05 -4.923509845577e-02
3.348000000000e+05 -4.925255960156e-02
3.354000000000e+05 -4.926962088698e-02
3.360000000000e+05 -4.928629152335e-02
3.366000000000e+05 -4.930258050801e-02
3.372000000000e+05 -4.931849662936e-02
3.378000000000e+05 -4.933404847157e-02
3.384000000000e+05 -4.934924441934e-02
3.390000000000e+05 -4.936409266244e-02
3.396000000000e+05 -4.937860120020e-02
3.402000000000e+05 -4.939277784595e-02
3.408000000000e+05 -4.940663023129e-02
3.414000000000e+05 -4.942016581039e-02
3.420000000000e+05 -4.943339186412e-02
3.426000000000e+05 -4.944631550420e-02
3.432000000000e+05 -4.945894367715e-02
3.438000000000e+05 -4.947128316832e-02
3.444000000000e+05 -4.948334060568e-02
3.450000000000e+05 -4.949512246361e-02
3.456000000000e+05 -4.950663506659e-02
3.462000000000e+05 -4.951788459279e-02
3.468000000000e+05 -4.952887707754e-02
3.474000000000e+05 -4.953961841676e-02
3.480000000000e+05 -4.955011437024e-02
3.486000000000e+05 -4.956037056484e-02
3.492000000000e+05 -4.957039249765e-02
3.498000000000e+05 -4.958018553898e-02
3.504000000000e+05 -4.958975493533e-02
3.510000000000e+05 -4.959910581225e-02
3.516000000000e+05 -4.960824317714e-02
3.522000000000e+05 -4.961717192196e-02
3.528000000000e+05 -4.962589682593e-02
3.534000000000e+05 -4.963442255810e-02
3.540000000000e+05 -4.964275367987e-02
3.546000000000e+05 -4.965089464752e-02
3.552000000000e+05 -4.965884981464e-02
3.558000000000e+05 -4.966662343447e-02
3.564000000000e+05 -4.967421966229e-02
3.570000000000e+05 -4.968164255764e-02
3.576000000000e+05 -4.968889608662e-02
3.582000000000e+05 -4.969598412401e-02
3.588000000000e+05 -4.970291045545e-02
3.594000000000e+05 -4.970967877952e-02
3.600000000000e+05 -4.971629270975e-02
3.606000000000e+05 -4.972275577663e-02
3.612000000000e+05 -4.972907142956e-02
3.618000000000e+05 -4.973524303869e-02
3.624000000000e+05 -4.974127389684e-02
3.630000000000e+05 -4.974716722122e-02
3.636000000000e+05 -4.975292615524e-02
3.642000000000e+05 -4.975855377018e-02
3.648000000000e+05 -4.976405306686e-02
3.654000000000e+05 -4.976942697731e-02
3.660000000000e+05 -4.977467836627e-02
3.666000000000e+05 -4.977981003282e-02
3.672000000000e+05 -4.978482471183e-02
3.678000000000e+05 -4.978972507548e-02
3.684000000000e+05 -4.979451373468e-02
3.690000000000e+05 -4.979919324048e-02
3.696000000000e+05 -4.980376608544e-02
3.702000000000e+05 -4.980823470502e-02
3.708000000000e+05 -4.981260147883e-02
3.714000000000e+05 -4.981686873198e-02
3.720000000000e+05 -4.982103873631e-02
3.726000000000e+05 -4.982511371159e-02
3.732000000000e+05 -4.982909582680e-02
3.738000000000e+05 -4.983298720123e-02
3.744000000000e+05 -4.983678990566e-02
3.750000000000e+05 -4.984050596347e-02
3.756000000000e+05 -4.984413735176e-02
3.762000000000e+05 -4.984768600237e-02
3.768000000000e+05 -4.985115380295e-02
3.774000000000e+05 -4.985454259801e-02
3.780000000000e+05 -4.985785418984e-02
3.786000000000e+05 -4.986109033952e-02
3.792000000000e+05 -4.986425276789e-02
3.798000000000e+05 -4.986734315642e-02
3.804000000000e+05 -4.987036314816e-02
3.810000000000e+05 -4.987331434861e-02
3.816000000000e+05 -4.987619832653e-02
3.822000000000e+05 -4.987901661487e-02
3.828000000000e+05 -4.988177071153e-02
3.834000000000e+05 -4.988446208018e-02
3.840000000000e+05 -4.988709215103e-02
3.846000000000e+05 -4.988966232163e-02
3.852000000000e+05 -4.989217395759e-02
3.858000000000e+05 -4.989462839332e-02
3.864000000000e+05 -4.989702693277e-02
3.870000000000e+05 -4.989937085007e-02
3.876000000000e+05 -4.990166139029e-02
3.882000000000e+05 -4.990389977003e-02
3.888000000000e+05 -4.990608717814e-02
3.894000000000e+05 -4.990822477631e-02
3.900000000000e+05 -4.991031369972e-02
3.906000000000e+05 -4.991235505764e-02
3.912000000000e+05 -4.991434993401e-02
3.918000000000e+05 -4.991629938803e-02
3.924000000000e+05 -4.991820445473e-02
3.930000000000e+05 -4.992006614554e-02
3.936000000000e+05 -4.992188544879e-02
3.942000000000e+05 -4.992366333026e-02
3.948000000000e+05 -4.992540073370e-02
3.954000000000e+05 -4.992709858133e-02
3.960000000000e+05 -4.992875777433e-02
3.966000000000e+05 -4.993037919333e-02
3.972000000000e+05 -4.993196369884e-02
3.978000000000e+05 -4.993351213179e-02
3.984000000000e+05 -4.993502531390e-02
3.990000000000e+05 -4.993650404814e-02
3.996000000000e+05 -4.993794911919e-02
4.002000000000e+05 -4.993936129383e-02
4.008000000000e+05 -4.994074132133e-02
4.014000000000e+05 -4.994208993392e-02
4.020000000000e+05 -4.994340784708e-02
4.026000000000e+05 -4.994469576002e-02
4.032000000000e+05 -4.994595435600e-02
4.038000000000e+05 -4.994718430267e-02
4.044000000000e+05 -4.994838625251e-02
4.050000000000e+05 -4.994956084310e-02
4.056000000000e+05 -4.995070869747e-02
4.062000000000e+05 -4.995183042449e-02
4.068000000000e+05 -4.995292661911e-02
4.074000000000e+05 -4.995399786276e-02
4.080000000000e+05 -4.995504472358e-02
4.086000000000e+05 -4.995606775680e-02
4.092000000000e+05 -4.995706750496e-02
4.098000000000e+05 -4.995804449826e-02
4.104000000000e+05 -4.995899925482e-02
4.110000000000e+05 -4.995993228095e-02
4.116000000000e+05 -4.996084407140e-02
4.122000000000e+05 -4.996173510968e-02
4.128000000000e+05 -4.996260586827e-02
4.134000000000e+05 -4.996345680888e-02
4.140000000000e+05 -4.996428838271e-02
4.146000000000e+05 -4.996510103068e-02
4.152000000000e+05 -4.996589518366e-02
4.158000000000e+05 -4.996667126270e-02
4.164000000000e+05 -4.996742967926e-02
4.170000000000e+05 -4.996817083545e-02
4.176000000000e+05 -4.996889512419e-02
4.182000000000e+05 -4.996960292945e-02
4.188000000000e+05 -4.997029462649e-02
4.194000000000e+05 -4.997097058198e-02
4.200000000000e+05 -4.997163115426e-02
4.206000000000e+05 -4.997227669352e-02
4.212000000000e+05 -4.997290754194e-02
4.218000000000e+05 -4.997352403393e-02
4.224000000000e+05 -4.997412649629e-02
4.230000000000e+05 -4.997471524836e-02
4.236000000000e+05 -4.997529060222e-02
4.242000000000e+05 -4.997585286284e-02
4.248000000000e+05 -4.997640232824e-02
4.254000000000e+05 -4.997693928965e-02
4.260000000000e+05 -4.997746403170e-02
4.266000000000e+05 -4.997797683249e-02
4.272000000000e+05 -4.997847796383e-02
4.278000000000e+05 -4.997896769131e-02
4.284000000000e+05 -4.997944627449e-02
4.290000000000e+05 -4.997991396702e-02
4.296000000000e+05 -4.998037101677e-02
4.302000000000e+05 -4.998081766597e-02
4.308000000000e+05 -4.998125415132e-02
4.314000000000e+05 -4.998168070414e-02
4.320000000000e+05 -4.998209755051e-02
4.326000000000e+05 -4.998250491132e-02
4.332000000000e+05 -4.998290300245e-02
4.338000000000e+05 -4.998329203488e-02
4.344000000000e+05 -4.998367221476e-02
4.350000000000e+05 -4.998404374355e-02
4.356000000000e+05 -4.998440681816e-02
4.362000000000e+05 -4.998476163097e-02
4.368000000000e+05 -4.998510837000e-02
4.374000000000e+05 -4.998544721900e-02
4.380000000000e+05 -4.998577835753e-02
4.386000000000e+05 -4.998610196105e-02
4.392000000000e+05 -4.998641820104e-02
4.398000000000e+05 -4.998672724508e-02
4.404000000000e+05 -4.998702925692e-02
4.410000000000e+05 -4.998732439659e-02
4.416000000000e+05 -4.998761282049e-02
4.422000000000e+05 -4.998789468144e-02
4.428000000000e+05 -4.998817012879e-02
4.434000000000e+05 -4.998843930849e-02
4.440000000000e+05 -4.998870236318e-02
4.446000000000e+05 -4.998895943222e-02
4.452000000000e+05 -4.998921065184e-02
4.458000000000e+05 -4.998945615514e-02
4.464000000000e+05 -4.998969607221e-02
4.470000000000e+05 -4.998993053015e-02
4.476000000000e+05 -4.999015965321e-02
4.482000000000e+05 -4.999038356277e-02
4.488000000000e+05 -4.999060237747e-02
4.494000000000e+05 -4.999081621324e-02
4.500000000000e+05 -4.999102518340e-02
4.506000000000e+05 -4.999122939864e-02
4.512000000000e+05 -4.999142896718e-02
4.518000000000e+05 -4.999162399475e-02
4.524000000000e+05 -4.999181458467e-02
4.530000000000e+05 -4.999200083794e-02
4.536000000000e+05 -4.999218285321e-02
4.542000000000e+05 -4.999236072695e-02
4.548000000000e+05 -4.999253455336e-02
4.554000000000e+05 -4.999270442457e-02
4.560000000000e+05 -4.999287043056e-02
4.566000000000e+05 -4.999303265929e-02
4.572000000000e+05 -4.999319119670e-02
4.578000000000e+05 -4.999334612680e-02
4.584000000000e+05 -4.999349753165e-02
4.590000000000e+05 -4.999364549148e-02
4.596000000000e+05 -4.999379008468e-02
4.602000000000e+05 -4.999393138785e-02
4.608000000000e+05 -4.999406947585e-02
4.614000000000e+05 -4.999420442184e-02
4.620000000000e+05 -4.999433629731e-02
4.626000000000e+05 -4.999446517213e-02
4.632000000000e+05 -4.999459111458e-02
4.638000000000e+05 -4.999471419138e-02
4.644000000000e+05 -4.999483446774e-02
4.650000000000e+05 -4.999495200736e-02
4.656000000000e+05 -4.999506687254e-02
4.662000000000e+05 -4.999517912411e-02
4.668000000000e+05 -4.999528882155e-02
4.674000000000e+05 -4.999539602298e-02
4.680000000000e+05 -4.999550078518e-02
4.686000000000e+05 -4.999560316366e-02
4.692000000000e+05 -4.999570321266e-02
4.698000000000e+05 -4.999580098518e-02
4.704000000000e+05 -4.999589653302e-02
4.710000000000e+05 -4.999598990680e-02
4.716000000000e+05 -4.999608115598e-02
4.722000000000e+05 -4.999617032891e-02
4.728000000000e+05 -4.999625747283e-02
4.734000000000e+05 -4.999634263391e-02
4.740000000000e+05 -4.999642585725e-02
4.746000000000e+05 -4.999650718696e-02
4.752000000000e+05 -4.999658666612e-02
4.758000000000e+05 -4.999666433683e-02
4.764000000000e+05 -4.999674024025e-02
4.770000000000e+05 -4.999681441657e-02
4.776000000000e+05 -4.999688690511e-02
4.782000000000e+05 -4.999695774427e-02
4.788000000000e+05 -4.999702697157e-02
4.794000000000e+05 -4.999709462368e-02
4.800000000000e+05 -4.999716073645e-02
4.806000000000e+05 -4.999722534491e-02
4.812000000000e+05 -4.999728848327e-02
4.818000000000e+05 -4.999735018500e-02
4.824000000000e+05 -4.999741048277e-02
4.830000000000e+05 -4.999746940854e-02
4.836000000000e+05 -4.999752699351e-02
4.842000000000e+05 -4.999758326820e-02
4.848000000000e+05 -4.999763826243e-02
4.854000000000e+05 -4.999769200531e-02
4.860000000000e+05 -4.999774452533e-02
4.866000000000e+05 -4.999779585032e-02
4.872000000000e+05 -4.999784600745e-02
4.878000000000e+05 -4.999789502331e-02
4.884000000000e+05 -4.999794292386e-02
4.890000000000e+05 -4.999798973447e-02
4.896000000000e+05 -4.999803547995e-02
4.902000000000e+05 -4.999808018454e-02
4.908000000000e+05 -4.999812387191e-02
4.914000000000e+05 -4.999816656521e-02
4.920000000000e+05 -4.999820828706e-02
4.926000000000e+05 -4.999824905956e-02
4.932000000000e+05 -4.999828890431e-02
4.938000000000e+05 -4.999832784243e-02
4.944000000000e+05 -4.999836589453e-02
4.950000000000e+05 -4.999840308079e-02
4.956000000000e+05 -4.999843942089e-02
4.962000000000e+05 -4.999847493410e-02
4.968000000000e+05 -4.999850963923e-02
4.974000000000e+05 -4.999854355466e-02
4.980000000000e+05 -4.999857669837e-02
4.986000000000e+05 -4.999860908790e-02
4.992000000000e+05 -4.999864074043e-02
4.998000000000e+05 -4.999867167272e-02
5.004000000000e+05 -4.999870190116e-02
5.010000000000e+05 -4.999873144176e-02
5.016000000000e+05 -4.999876031017e-02
5.022000000000e+05 -4.999878852169e-02
5.028000000000e+05 -4.999881609127e-02
5.034000000000e+05 -4.999884303351e-02
5.040000000000e+05 -4.999886936268e-02
5.046000000000e+05 -4.999889509274e-02
5.052000000000e+05 -4.999892023731e-02
5.058000000000e+05 -4.999894480972e-02
5.064000000000e+05 -4.999896882299e-02
5.070000000000e+05 -4.999899228984e-02
5.076000000000e+05 -4.999901522269e-02
5.082000000000e+05 -4.999903763371e-02
5.088000000000e+05 -4.999905953477e-02
5.094000000000e+05 -4.999908093746e-02
5.100000000000e+05 -4.999910185314e-02
5.106000000000e+05 -4.999912229287e-02
5.112000000000e+05 -4.999914226749e-02
5.118000000000e+05 -4.999916178759e-02
5.124000000000e+05 -4.999918086349e-02
5.130000000000e+05 -4.999919950532e-02
5.136000000000e+05 -4.999921772295e-02
5.142000000000e+05 -4.999923552603e-02
5.148000000000e+05 -4.999925292399e-02
5.154000000000e+05 -4.999926992605e-02
5.160000000000e+05 -4.999928654121e-02
5.166000000000e+05 -4.999930277829e-02
5.172000000000e+05 -4.999931864589e-02
5.178000000000e+05 -4.999933415241e-02
5.184000000000e+05 -4.999934930606e-02
5.190000000000e+05 -4.999936411488e-02
5.196000000000e+05 -4.999937858672e-02
5.202000000000e+05 -4.999939272923e-02
5.208000000000e+05 -4.999940654992e-02
5.214000000000e+05 -4.999942005611e-02
5.220000000000e+05 -4.999943325495e-02
5.226000000000e+05 -4.999944615343e-02
5.232000000000e+05 -4.999945875840e-02
5.238000000000e+05 -4.999947107653e-02
5.244000000000e+05 -4.999948311434e-02
5.250000000000e+05 -4.999949487822e-02
5.256000000000e+05 -4.999950637439e-02
5.262000000000e+05 -4.999951760896e-02
5.268000000000e+05 -4.999952858786e-02
5.274000000000e+05 -4.999953931693e-02
5.280000000000e+05 -4.999954980184e-02
5.286000000000e+05 -4.999956004815e-02
5.292000000000e+05 -4.999957006128e-02
5.298000000000e+05 -4.999957984655e-02
5.304000000000e+05 -4.999958940915e-02
5.310000000000e+05 -4.999959875413e-02
5.316000000000e+05 -4.999960788644e-02
5.322000000000e+05 -4.999961681094e-02
5.328000000000e+05 -4.999962553234e-02
5.334000000000e+05 -4.999963405526e-02
5.340000000000e+05 -4.999964238423e-02
5.346000000000e+05 -4.999965052366e-02
5.352000000000e+05 -4.999965847786e-02
5.358000000000e+05 -4.999966625104e-02
5.364000000000e+05 -4.999967384733e-02
5.370000000000e+05 -4.999968127075e-02
5.376000000000e+05 -4.999968852522e-02
5.382000000000e+05 -4.999969561461e-02
5.388000000000e+05 -4.999970254266e-02
5.394000000000e+05 -4.999970931304e-02
5.400000000000e+05 -4.999971592935e-02
5.406000000000e+05 -4.999972239508e-02
5.412000000000e+05 -4.999972871367e-02
5.418000000000e+05 -4.999973488847e-02
5.424000000000e+05 -4.999974092273e-02
5.430000000000e+05 -4.999974681968e-02
5.436000000000e+05 -4.999975258241e-02
5.442000000000e+05 -4.999975821401e-02
5.448000000000e+05 -4.999976371743e-02
5.454000000000e+05 -4.999976909561e-02
5.460000000000e+05 -4.999977435139e-02
5.466000000000e+05 -4.999977948756e-02
5.472000000000e+05 -4.999978450684e-02
5.478000000000e+05 -4.999978941189e-02
5.484000000000e+05 -4.999979420530e-02
5.490000000000e+05 -4.999979888963e-02
5.496000000000e+05 -4.999980346735e-02
5.502000000000e+05 -4.999980794088e-02
5.508000000000e+05 -4.999981231261e-02
5.514000000000e+05 -4.999981658484e-02
5.520000000000e+05 -4.999982075983e-02
5.526000000000e+05 -4.999982483981e-02
5.532000000000e+05 -4.999982882693e-02
5.538000000000e+05 -4.999983272331e-02
5.544000000000e+05 -4.999983653102e-02
5.550000000000e+05 -4.999984025206e-02
5.556000000000e+05 -4.999984388841e-02
5.562000000000e+05 -4.999984744201e-02
5.568000000000e+05 -4.999985091472e-02
5.574000000000e+05 -4.999985430840e-02
5.580000000000e+05 -4.999985762484e-02
5.586000000000e+05 -4.999986086580e-02
5.592000000000e+05 -4.999986403300e-02
5.598000000000e+05 -4.999986712811e-02
5.604000000000e+05 -4.999987015278e-02
5.610000000000e+05 -4.999987310861e-02
5.616000000000e+05 -4.999987599716e-02
5.622000000000e+05 -4.999987881997e-02
5.628000000000e+05 -4.999988157853e-02
5.634000000000e+05 -4.999988427431e-02
5.640000000000e+05 -4.999988690873e-02
5.646000000000e+05 -4.999988948319e-02
5.652000000000e+05 -4.999989199905e-02
5.658000000000e+05 -4.999989445766e-02
5.664000000000e+05 -4.999989686030e-02
5.670000000000e+05 -4.999989920826e-02
5.676000000000e+05 -4.999990150277e-02
5.682000000000e+05 -4.999990374507e-02
5.688000000000e+05 -4.999990593632e-02
5.694000000000e+05 -4.999990807770e-02
5.700000000000e+05 -4.999991017034e-02
5.706000000000e+05 -4.999991221535e-02
5.712000000000e+05 -4.999991421382e-02
5.718000000000e+05 -4.999991616679e-02
5.724000000000e+05 -4.999991807532e-02
5.730000000000e+05 -4.999991994040e-02
5.736000000000e+05 -4.999992176303e-02
5.742000000000e+05 -4.999992354418e-02
5.748000000000e+05 -4.999992528478e-02
5.754000000000e+05 -4.999992698577e-02
5.760000000000e+05 -4.999992864803e-02
5.766000000000e+05 -4.999993027246e-02
5.772000000000e+05 -4.999993185992e-02
5.778000000000e+05 -4.999993341124e-02
5.784000000000e+05 -4.999993492725e-02
5.790000000000e+05 -4.999993640876e-02
5.796000000000e+05 -4.999993785654e-02
5.802000000000e+05 -4.999993927136e-02
5.808000000000e+05 -4.999994065398e-02
5.814000000000e+05 -4.999994200513e-02
5.820000000000e+05 -4.999994332553e-02
5.826000000000e+05 -4.999994461586e-02
5.832000000000e+05 -4.999994587683e-02
5.838000000000e+05 -4.999994710909e-02
5.844000000000e+05 -4.999994831331e-02
5.850000000000e+05 -4.999994949011e-02
5.856000000000e+05 -4.999995064012e-02
5.862000000000e+05 -4.999995176396e-02
5.868000000000e+05 -4.999995286221e-02
5.874000000000e+05 -4.999995393546e-02
5.880000000000e+05 -4.999995498429e-02
5.886000000000e+05 -4.999995600923e-02
5.892000000000e+05 -4.999995701085e-02
5.898000000000e+05 -4.999995798966e-02
5.904000000000e+05 -4.999995894620e-02
5.910000000000e+05 -4.999995988096e-02
5.916000000000e+05 -4.999996079444e-02
5.922000000000e+05 -4.999996168713e-02
5.928000000000e+05 -4.999996255949e-02
5.934000000000e+05 -4.999996341200e-02
5.940000000000e+05 -4.999996424509e-02
5.946000000000e+05 -4.999996505923e-02
5.952000000000e+05 -4.999996585483e-02
5.958000000000e+05 -4.999996663232e-02
5.964000000000e+05 -4.999996739211e-02
5.970000000000e+05 -4.999996813460e-02
5.976000000000e+05 -4.999996886019e-02
5.982000000000e+05 -4.999996956926e-02
5.988000000000e+05 -4.999997026219e-02
5.994000000000e+05 -4.999997093935e-02
6.000000000000e+05 -4.999997160109e-02
6.006000000000e+05 -4.999997224776e-02
6.012000000000e+05 -4.999997287971e-02
6.018000000000e+05 -4.999997349728e-02
6.024000000000e+05 -4.999997410078e-02
6.030000000000e+05 -4.999997469055e-02
6.036000000000e+05 -4.999997526689e-02
6.042000000000e+05 -4.999997583011e-02
6.048000000000e+05 -4.999997638051e-02
6.054000000000e+05 -4.999997691838e-02
6.060000000000e+05 -4.999997744400e-02
6.066000000000e+05 -4.999997795765e-02
6.072000000000e+05 -4.999997845961e-02
6.078000000000e+05 -4.999997895014e-02
6.084000000000e+05 -4.999997942951e-02
6.090000000000e+05 -4.999997989796e-02
6.096000000000e+05 -4.999998035575e-02
6.102000000000e+05 -4.999998080311e-02
6.108000000000e+05 -4.999998124029e-02
6.114000000000e+05 -4.999998166751e-02
6.120000000000e+05 -4.999998208501e-02
6.126000000000e+05 -4.999998249300e-02
6.132000000000e+05 -4.999998289170e-02
6.138000000000e+05 -4.999998328133e-02
6.144000000000e+05 -4.999998366208e-02
6.150000000000e+05 -4.999998403417e-02
6.156000000000e+05 -4.999998439778e-02
6.162000000000e+05 -4.999998475312e-02
6.168000000000e+05 -4.999998510036e-02
6.174000000000e+05 -4.999998543970e-02
6.180000000000e+05 -4.999998577131e-02
6.186000000000e+05 -4.999998609538e-02
6.192000000000e+05 -4.999998641206e-02
6.198000000000e+05 -4.999998672153e-02
6.204000000000e+05 -4.999998702396e-02
6.210000000000e+05 -4.999998731950e-02
6.216000000000e+05 -4.999998760831e-02
6.222000000000e+05 -4.999998789054e-02
6.228000000000e+05 -4.999998816635e-02
6.234000000000e+05 -4.999998843588e-02
6.240000000000e+05 -4.999998869927e-02
6.246000000000e+05 -4.999998895667e-02
6.252000000000e+05 -4.999998920820e-02
6.258000000000e+05 -4.999998945400e-02
6.264000000000e+05 -4.999998969421e-02
6.270000000000e+05 -4.999998992895e-02
6.276000000000e+05 -4.999999015834e-02
6.282000000000e+05 -4.999999038251e-02
6.288000000000e+05 -4.999999060158e-02
6.294000000000e+05 -4.999999081566e-02
6.300000000000e+05 -4.999999102486e-02
6.306000000000e+05 -4.999999122930e-02
6.312000000000e+05 -4.999999142908e-02
6.318000000000e+05 -4.999999162432e-02
6.324000000000e+05 -4.999999181510e-02
6.330000000000e+05 -4.999999200155e-02
6.336000000000e+05 -4.999999218375e-02
6.342000000000e+05 -4.999999236180e-02
6.348000000000e+05 -4.999999253579e-02
6.354000000000e+05 -4.999999270582e-02
6.360000000000e+05 -4.999999287198e-02
6.366000000000e+05 -4.999999303436e-02
6.372000000000e+05 -4.999999319304e-02
6.378000000000e+05 -4.999999334810e-02
6.384000000000e+05 -4.999999349964e-02
6.390000000000e+05 -4.999999364772e-02
6.396000000000e+05 -4.999999379243e-02
6.402000000000e+05 -4.999999393384e-02
6.408000000000e+05 -4.999999407204e-02
6.414000000000e+05 -4.999999420709e-02
6.420000000000e+05 -4.999999433906e-02
6.426000000000e+05 -4.999999446802e-02
6.432000000000e+05 -4.999999459405e-02
6.438000000000e+05 -4.999999471721e-02
6.444000000000e+05 -4.999999483757e-02
6.450000000000e+05 -4.999999495518e-02
6.456000000000e+05 -4.999999507011e-02
6.462000000000e+05 -4.999999518243e-02
6.468000000000e+05 -4.999999529219e-02
6.474000000000e+05 -4.999999539945e-02
6.480000000000e+05 -4.999999550427e-02
6.486000000000e+05 -4.999999560669e-02
6.492000000000e+05 -4.999999570679e-02
6.498000000000e+05 -4.999999580461e-02
6.504000000000e+05 -4.999999590019e-02
6.510000000000e+05 -4.999999599361e-02
6.516000000000e+05 -4.999999608489e-02
6.522000000000e+05 -4.999999617409e-02
6.528000000000e+05 -4.999999626127e-02
6.534000000000e+05 -4.999999634646e-02
6.540000000000e+05 -4.999999642970e-02
6.546000000000e+05 -4.999999651105e-02
6.552000000000e+05 -4.999999659055e-02
6.558000000000e+05 -4.999999666824e-02
6.564000000000e+05 -4.999999674416e-02
6.570000000000e+05 -4.999999681835e-02
6.576000000000e+05 -4.999999689085e-02
6.582000000000e+05 -4.999999696169e-02
6.588000000000e+05 -4.999999703093e-02
6.594000000000e+05 -4.999999709858e-02
6.600000000000e+05 -4.999999716470e-02
6.606000000000e+05 -4.999999722931e-02
6.612000000000e+05 -4.999999729245e-02
6.618000000000e+05 -4.999999735415e-02
6.624000000000e+05 -4.999999741444e-02
6.630000000000e+05 -4.999999747336e-02
6.636000000000e+05 -4.999999753094e-02
6.642000000000e+05 -4.999999758721e-02
6.648000000000e+05 -4.999999764219e-02
6.654000000000e+05 -4.999999769593e-02
6.660000000000e+05 -4.999999774843e-02
6.666000000000e+05 -4.999999779975e-02
6.672000000000e+05 -4.999999784989e-02
6.678000000000e+05 -4.999999789889e-02
6.684000000000e+05 -4.999999794678e-02
6.690000000000e+05 -4.999999799357e-02
6.696000000000e+05 -4.999999803930e-02
6.702000000000e+05 -4.999999808398e-02
6.708000000000e+05 -4.999999812765e-02
6.714000000000e+05 -4.999999817033e-02
6.720000000000e+05 -4.999999821203e-02
6.726000000000e+05 -4.999999825278e-02
6.732000000000e+05 -4.999999829260e-02
6.738000000000e+05 -4.999999833152e-02
6.744000000000e+05 -4.999999836955e-02
6.750000000000e+05 -4.999999840671e-02
6.756000000000e+05 -4.999999844303e-02
6.762000000000e+05 -4.999999847852e-02
6.768000000000e+05 -4.999999851320e-02
6.774000000000e+05 -4.999999854709e-02
6.780000000000e+05 -4.999999858020e-02
6.786000000000e+05 -4.999999861257e-02
6.792000000000e+05 -4.999999864419e-02
6.798000000000e+05 -4.999999867510e-02
6.804000000000e+05 -4.999999870530e-02
6.810000000000e+05 -4.999999873481e-02
6.816000000000e+05 -4.999999876365e-02
6.822000000000e+05 -4.999999879184e-02
6.828000000000e+05 -4.999999881938e-02
6.834000000000e+05 -4.999999884629e-02
6.840000000000e+05 -4.999999887259e-02
6.846000000000e+05 -4.999999889829e-02
6.852000000000e+05 -4.999999892341e-02
6.858000000000e+05 -4.999999894795e-02
6.864000000000e+05 -4.999999897194e-02
6.870000000000e+05 -4.999999899537e-02
6.876000000000e+05 -4.999999901828e-02
6.882000000000e+05 -4.999999904066e-02
6.888000000000e+05 -4.999999906253e-02
6.894000000000e+05 -4.999999908390e-02
6.900000000000e+05 -4.999999910479e-02
6.906000000000e+05 -4.999999912520e-02
6.912000000000e+05 -4.999999914515e-02
6.918000000000e+05 -4.999999916464e-02
6.924000000000e+05 -4.999999918368e-02
6.930000000000e+05 -4.999999920230e-02
6.936000000000e+05 -4.999999922048e-02
6.942000000000e+05 -4.999999923826e-02
6.948000000000e+05 -4.999999925563e-02
6.954000000000e+05 -4.999999927260e-02
6.960000000000e+05 -4.999999928918e-02
6.966000000000e+05 -4.999999930539e-02
6.972000000000e+05 -4.999999932123e-02
6.978000000000e+05 -4.999999933671e-02
6.984000000000e+05 -4.999999935183e-02
6.990000000000e+05 -4.999999936661e-02
6.996000000000e+05 -4.999999938106e-02
7.002000000000e+05 -4.999999939517e-02
7.008000000000e+05 -4.999999940896e-02
7.014000000000e+05 -4.999999942244e-02
7.020000000000e+05 -4.999999943561e-02
7.026000000000e+05 -4.999999944848e-02
7.032000000000e+05 -4.999999946106e-02
7.038000000000e+05 -4.999999947335e-02
7.044000000000e+05 -4.999999948536e-02
7.050000000000e+05 -4.999999949710e-02
7.056000000000e+05 -4.999999950857e-02
7.062000000000e+05 -4.999999951978e-02
7.068000000000e+05 -4.999999953073e-02
7.074000000000e+05 -4.999999954143e-02
7.080000000000e+05 -4.999999955189e-02
7.086000000000e+05 -4.999999956211e-02
7.092000000000e+05 -4.999999957210e-02
7.098000000000e+05 -4.999999958186e-02
7.104000000000e+05 -4.999999959140e-02
7.110000000000e+05 -4.999999960072e-02
7.116000000000e+05 -4.999999960982e-02
7.122000000000e+05 -4.999999961872e-02
7.128000000000e+05 -4.999999962742e-02
7.134000000000e+05 -4.999999963592e-02
7.140000000000e+05 -4.999999964423e-02
7.146000000000e+05 -4.999999965234e-02
7.152000000000e+05 -4.999999966027e-02
7.158000000000e+05 -4.999999966802e-02
7.164000000000e+05 -4.999999967560e-02
7.170000000000e+05 -4.999999968300e-02
7.176000000000e+05 -4.999999969023e-02
7.182000000000e+05 -4.999999969729e-02
7.188000000000e+05 -4.999999970420e-02
7.194000000000e+05 -4.999999971095e-02
7.200000000000e+05 -4.999999971754e-02
7.206000000000e+05 -4.999999972399e-02
7.212000000000e+05 -4.999999973028e-02
7.218000000000e+05 -4.999999973644e-02
7.224000000000e+05 -4.999999974245e-02
7.230000000000e+05 -4.999999974833e-02
7.236000000000e+05 -4.999999975407e-02
7.242000000000e+05 -4.999999975968e-02
7.248000000000e+05 -4.999999976516e-02
7.254000000000e+05 -4.999999977052e-02
7.260000000000e+05 -4.999999977576e-02
7.266000000000e+05 -4.999999978088e-02
7.272000000000e+05 -4.999999978588e-02
7.278000000000e+05 -4.999999979076e-02
7.284000000000e+05 -4.999999979554e-02
7.290000000000e+05 -4.999999980020e-02
7.296000000000e+05 -4.999999980476e-02
7.302000000000e+05 -4.999999980922e-02
7.308000000000e+05 -4.999999981357e-02
7.314000000000e+05 -4.999999981783e-02
7.320000000000e+05 -4.999999982198e-02
7.326000000000e+05 -4.999999982605e-02
7.332000000000e+05 -4.999999983002e-02
7.338000000000e+05 -4.999999983390e-02
7.344000000000e+05 -4.999999983769e-02
7.350000000000e+05 -4.999999984139e-02
7.356000000000e+05 -4.999999984501e-02
7.362000000000e+05 -4.999999984855e-02
7.368000000000e+05 -4.999999985201e-02
7.374000000000e+05 -4.999999985538e-02
7.380000000000e+05 -4.999999985868e-02
7.386000000000e+05 -4.999999986191e-02
7.392000000000e+05 -4.999999986506e-02
7.398000000000e+05 -4.999999986814e-02
7.404000000000e+05 -4.999999987115e-02
7.410000000000e+05 -4.999999987409e-02
7.416000000000e+05 -4.999999987697e-02
7.422000000000e+05 -4.999999987978e-02
7.428000000000e+05 -4.999999988252e-02
7.434000000000e+05 -4.999999988520e-02
7.440000000000e+05 -4.999999988782e-02
7.446000000000e+05 -4.999999989038e-02
7.452000000000e+05 -4.999999989289e-02
7.458000000000e+05 -4.999999989533e-02
7.464000000000e+05 -4.999999989772e-02
7.470000000000e+05 -4.999999990006e-02
7.476000000000e+05 -4.999999990234e-02
7.482000000000e+05 -4.999999990457e-02
7.488000000000e+05 -4.999999990675e-02
7.494000000000e+05 -4.999999990888e-02
7.500000000000e+05 -4.999999991096e-02
7.506000000000e+05 -4.999999991299e-02
7.512000000000e+05 -4.999999991498e-02
7.518000000000e+05 -4.999999991692e-02
7.524000000000e+05 -4.999999991882e-02
7.530000000000e+05 -4.999999992067e-02
7.536000000000e+05 -4.999999992248e-02
7.542000000000e+05 -4.999999992425e-02
7.548000000000e+05 -4.999999992598e-02
7.554000000000e+05 -4.999999992767e-02
7.560000000000e+05 -4.999999992933e-02
7.566000000000e+05 -4.999999993094e-02
7.572000000000e+05 -4.999999993252e-02
7.578000000000e+05 -4.999999993406e-02
7.584000000000e+05 -4.999999993556e-02
7.590000000000e+05 -4.999999993704e-02
7.596000000000e+05 -4.999999993847e-02
7.602000000000e+05 -4.999999993988e-02
7.608000000000e+05 -4.999999994125e-02
7.614000000000e+05 -4.999999994260e-02
7.620000000000e+05 -4.999999994391e-02
7.626000000000e+05 -4.999999994519e-02
7.632000000000e+05 -4.999999994644e-02
7.638000000000e+05 -4.999999994766e-02
7.644000000000e+05 -4.999999994886e-02
7.650000000000e+05 -4.999999995003e-02
7.656000000000e+05 -4.999999995117e-02
7.662000000000e+05 -4.999999995229e-02
7.668000000000e+05 -4.999999995338e-02
7.674000000000e+05 -4.999999995444e-02
7.680000000000e+05 -4.999999995548e-02
7.686000000000e+05 -4.999999995650e-02
7.692000000000e+05 -4.999999995749e-02
7.698000000000e+05 -4.999999995846e-02
7.704000000000e+05 -4.999999995941e-02
7.710000000000e+05 -4.999999996034e-02
7.716000000000e+05 -4.999999996125e-02
7.722000000000e+05 -4.999999996213e-02
7.728000000000e+05 -4.999999996300e-02
7.734000000000e+05 -4.999999996384e-02
7.740000000000e+05 -4.999999996467e-02
7.746000000000e+05 -4.999999996548e-02
7.752000000000e+05 -4.999999996626e-02
7.758000000000e+05 -4.999999996704e-02
7.764000000000e+05 -4.999999996779e-02
7.770000000000e+05 -4.999999996853e-02
7.776000000000e+05 -4.999999996924e-02
7.782000000000e+05 -4.999999996995e-02
7.788000000000e+05 -4.999999997063e-02
7.794000000000e+05 -4.999999997131e-02
7.800000000000e+05 -4.999999997196e-02
7.806000000000e+05 -4.999999997260e-02
7.812000000000e+05 -4.999999997323e-02
7.818000000000e+05 -4.999999997384e-02
7.824000000000e+05 -4.999999997444e-02
7.830000000000e+05 -4.999999997502e-02
7.836000000000e+05 -4.999999997559e-02
7.842000000000e+05 -4.999999997615e-02
7.848000000000e+05 -4.999999997670e-02
7.854000000000e+05 -4.999999997723e-02
7.860000000000e+05 -4.999999997775e-02
7.866000000000e+05 -4.999999997826e-02
7.872000000000e+05 -4.999999997876e-02
7.878000000000e+05 -4.999999997924e-02
7.884000000000e+05 -4.999999997972e-02
7.890000000000e+05 -4.999999998018e-02
7.896000000000e+05 -4.999999998063e-02
7.902000000000e+05 -4.999999998108e-02
7.908000000000e+05 -4.999999998151e-02
7.914000000000e+05 -4.999999998193e-02
7.920000000000e+05 -4.999999998235e-02
7.926000000000e+05 -4.999999998275e-02
7.932000000000e+05 -4.999999998314e-02
7.938000000000e+05 -4.999999998353e-02
7.944000000000e+05 -4.999999998391e-02
7.950000000000e+05 -4.999999998428e-02
7.956000000000e+05 -4.999999998464e-02
7.962000000000e+05 -4.999999998499e-02
7.968000000000e+05 -4.999999998533e-02
7.974000000000e+05 -4.999999998567e-02
7.980000000000e+05 -4.999999998599e-02
7.986000000000e+05 -4.999999998632e-02
7.992000000000e+05 -4.999999998663e-02
7.998000000000e+05 -4.999999998693e-02
8.004000000000e+05 -4.999999998723e-02
8.010000000000e+05 -4.999999998752e-02
8.016000000000e+05 -4.999999998781e-02
8.022000000000e+05 -4.999999998809e-02
8.028000000000e+05 -4.999999998836e-02
8.034000000000e+05 -4.999999998863e-02
8.040000000000e+05 -4.999999998889e-02
8.046000000000e+05 -4.999999998914e-02
8.052000000000e+05 -4.999999998939e-02
8.058000000000e+05 -4.999999998963e-02
8.064000000000e+05 -4.999999998987e-02
8.070000000000e+05 -4.999999999010e-02
8.076000000000e+05 -4.999999999033e-02
8.082000000000e+05 -4.999999999055e-02
8.088000000000e+05 -4.999999999077e-02
8.094000000000e+05 -4.999999999098e-02
8.100000000000e+05 -4.999999999119e-02
8.106000000000e+05 -4.999999999139e-02
8.112000000000e+05 -4.999999999158e-02
8.118000000000e+05 -4.999999999178e-02
8.124000000000e+05 -4.999999999196e-02
8.130000000000e+05 -4.999999999215e-02
8.136000000000e+05 -4.999999999233e-02
8.142000000000e+05 -4.999999999250e-02
8.148000000000e+05 -4.999999999268e-02
8.154000000000e+05 -4.999999999284e-02
8.160000000000e+05 -4.999999999301e-02
8.166000000000e+05 -4.999999999317e-02
8.172000000000e+05 -4.999999999332e-02
8.178000000000e+05 -4.999999999348e-02
8.184000000000e+05 -4.999999999363e-02
8.190000000000e+05 -4.999999999377e-02
8.196000000000e+05 -4.999999999391e-02
8.202000000000e+05 -4.999999999405e-02
8.208000000000e+05 -4.999999999419e-02
8.214000000000e+05 -4.999999999432e-02
8.220000000000e+05 -4.999999999445e-02
8.226000000000e+05 -4.999999999458e-02
8.232000000000e+05 -4.999999999470e-02
8.238000000000e+05 -4.999999999482e-02
8.244000000000e+05 -4.999999999494e-02
8.250000000000e+05 -4.999999999506e-02
8.256000000000e+05 -4.999999999517e-02
8.262000000000e+05 -4.999999999528e-02
8.268000000000e+05 -4.999999999539e-02
8.274000000000e+05 -4.999999999550e-02
8.280000000000e+05 -4.999999999560e-02
8.286000000000e+05 -4.999999999570e-02
8.292000000000e+05 -4.999999999580e-02
8.298000000000e+05 -4.999999999589e-02
8.304000000000e+05 -4.999999999599e-02
8.310000000000e+05 -4.999999999608e-02
8.316000000000e+05 -4.999999999617e-02
8.322000000000e+05 -4.999999999626e-02
8.328000000000e+05 -4.999999999634e-02
8.334000000000e+05 -4.999999999643e-02
8.340000000000e+05 -4.999999999651e-02
8.346000000000e+05 -4.999999999659e-02
8.352000000000e+05 -4.999999999667e-02
8.358000000000e+05 -4.999999999674e-02
8.364000000000e+05 -4.999999999682e-02
8.370000000000e+05 -4.999999999689e-02
8.376000000000e+05 -4.999999999696e-02
8.382000000000e+05 -4.999999999703e-02
8.388000000000e+05 -4.999999999710e-02
8.394000000000e+05 -4.999999999716e-02
8.400000000000e+05 -4.999999999723e-02
8.406000000000e+05 -4.999999999729e-02
8.412000000000e+05 -4.999999999736e-02
8.418000000000e+05 -4.999999999742e-02
8.424000000000e+05 -4.999999999748e-02
8.430000000000e+05 -4.999999999753e-02
8.436000000000e+05 -4.999999999759e-02
8.442000000000e+05 -4.999999999764e-02
8.448000000000e+05 -4.999999999770e-02
8.454000000000e+05 -4.999999999775e-02
8.460000000000e+05 -4.999999999780e-02
8.466000000000e+05 -4.999999999785e-02
8.472000000000e+05 -4.999999999790e-02
8.478000000000e+05 -4.999999999795e-02
8.484000000000e+05 -4.999999999800e-02
8.490000000000e+05 -4.999999999804e-02
8.496000000000e+05 -4.999999999809e-02
8.502000000000e+05 -4.999999999813e-02
8.508000000000e+05 -4.999999999817e-02
8.514000000000e+05 -4.999999999821e-02
8.520000000000e+05 -4.999999999826e-02
8.526000000000e+05 -4.999999999830e-02
8.532000000000e+05 -4.999999999833e-02
8.538000000000e+05 -4.999999999837e-02
8.544000000000e+05 -4.999999999841e-02
8.550000000000e+05 -4.999999999845e-02
8.556000000000e+05 -4.999999999848e-02
8.562000000000e+05 -4.999999999852e-02
8.568000000000e+05 -4.999999999855e-02
8.574000000000e+05 -4.999999999858e-02
8.580000000000e+05 -4.999999999862e-02
8.586000000000e+05 -4.999999999865e-02
8.592000000000e+05 -4.999999999868e-02
8.598000000000e+05 -4.999999999871e-02
8.604000000000e+05 -4.999999999874e-02
8.610000000000e+05 -4.999999999877e-02
8.616000000000e+05 -4.999999999879e-02
8.622000000000e+05 -4.999999999882e-02
8.628000000000e+05 -4.999999999885e-02
8.634000000000e+05 -4.999999999888e-02
8.640000000000e+05 -4.999999999890e-02
