# Observation File: surface_free_ion_species_crunch.dat column names:
# -----------------------------------------------------------------------------
# Observation Name: time [s]
# -----------------------------------------------------------------------------
# Observation Name: surface free concentration
# Region: east conc
# Functional: average
# Variable: surface-free_ion_species
# Number of Vectors: 4
# =============================================================================
"time [s]" "surface free concentration"
0.000000000000e+00 0.000000000000e+00 0.000000000000e+00 0.000000000000e+00 0.000000000000e+00
8.640000000000e+04 0.000000000000e+00 0.000000000000e+00 0.000000000000e+00 0.000000000000e+00
1.728000000000e+05 0.000000000000e+00 0.000000000000e+00 0.000000000000e+00 0.000000000000e+00
2.592000000000e+05 2.129328133724e-08 1.952778764952e-03 9.736588088584e-04 9.970751375504e-04
3.456000000000e+05 2.129327518697e-08 1.952778785490e-03 9.736588206602e-04 9.970751258535e-04
4.320000000000e+05 2.129327479381e-08 1.952778778413e-03 9.736588172622e-04 9.970751208080e-04
5.184000000000e+05 2.129327476766e-08 1.952778772011e-03 9.736588141004e-04 9.970751174337e-04
6.048000000000e+05 2.129327476249e-08 1.952778768051e-03 9.736588121419e-04 9.970751153864e-04
6.912000000000e+05 2.129327475998e-08 1.952778765876e-03 9.736588110659e-04 9.970751142630e-04
7.776000000000e+05 2.129327475726e-08 1.952778763946e-03 9.736588101113e-04 9.970751132645e-04
8.640000000000e+05 2.129327475260e-08 1.952778760187e-03 9.736588082524e-04 9.970751113221e-04
9.504000000000e+05 2.129327475166e-08 1.952778759995e-03 9.736588081576e-04 9.970751112204e-04
1.036800000000e+06 2.129327475695e-08 1.952778762695e-03 9.736588094925e-04 9.970751126227e-04
1.123200000000e+06 2.129327475708e-08 1.952778763643e-03 9.736588099615e-04 9.970751131086e-04
1.209600000000e+06 2.129327475722e-08 1.952778763761e-03 9.736588100202e-04 9.970751131699e-04
1.296000000000e+06 2.129327475710e-08 1.952778762999e-03 9.736588096432e-04 9.970751127792e-04
1.382400000000e+06 2.129327475210e-08 1.952778759524e-03 9.736588079243e-04 9.970751109806e-04
1.468800000000e+06 2.129327474960e-08 1.952778757492e-03 9.736588069195e-04 9.970751099309e-04
1.555200000000e+06 2.129327475180e-08 1.952778758085e-03 9.736588072124e-04 9.970751102426e-04
1.641600000000e+06 2.129327475262e-08 1.952778759185e-03 9.736588077566e-04 9.970751108091e-04
1.728000000000e+06 2.129327475116e-08 1.952778759307e-03 9.736588078174e-04 9.970751108662e-04
1.814400000000e+06 2.129327475437e-08 1.952778760145e-03 9.736588082311e-04 9.970751113070e-04
1.900800000000e+06 2.129327475404e-08 1.952778760517e-03 9.736588084154e-04 9.970751114964e-04
1.987200000000e+06 2.129327475128e-08 1.952778759566e-03 9.736588079456e-04 9.970751109994e-04
2.073600000000e+06 2.129327475251e-08 1.952778759338e-03 9.736588078323e-04 9.970751108870e-04
2.160000000000e+06 2.129327475153e-08 1.952778757746e-03 9.736588070444e-04 9.970751100677e-04
2.246400000000e+06 2.129327474648e-08 1.952778755492e-03 9.736588059304e-04 9.970751088950e-04
2.332800000000e+06 2.129327474488e-08 1.952778752803e-03 9.736588045995e-04 9.970751075113e-04
2.419200000000e+06 2.129327473842e-08 1.952778748762e-03 9.736588026017e-04 9.970751054183e-04
2.505600000000e+06 2.129327473278e-08 1.952778742441e-03 9.736587994746e-04 9.970751021597e-04
2.592000000000e+06 2.129327473345e-08 1.952778743341e-03 9.736587999195e-04 9.970751026228e-04
2.678400000000e+06 2.129327473278e-08 1.952778745056e-03 9.736588007689e-04 9.970751034994e-04
2.764800000000e+06 2.129327474316e-08 1.952778747579e-03 9.736588020149e-04 9.970751048294e-04
2.851200000000e+06 2.129327474289e-08 1.952778748506e-03 9.736588024734e-04 9.970751053030e-04
2.937600000000e+06 2.129327474622e-08 1.952778750014e-03 9.736588032191e-04 9.970751060878e-04
3.024000000000e+06 2.129327474172e-08 1.952778750460e-03 9.736588034409e-04 9.970751062998e-04
3.110400000000e+06 2.129327475080e-08 1.952778751556e-03 9.736588039809e-04 9.970751068941e-04
3.196800000000e+06 2.129327475355e-08 1.952778751617e-03 9.736588040106e-04 9.970751069355e-04
3.283200000000e+06 2.129327475618e-08 1.952778750510e-03 9.736588034621e-04 9.970751063780e-04
3.369600000000e+06 2.129327474254e-08 1.952778746120e-03 9.736588012926e-04 9.970751040795e-04
3.456000000000e+06 2.129327474502e-08 1.952778747576e-03 9.736588020127e-04 9.970751048344e-04
3.542400000000e+06 2.129327474645e-08 1.952778748638e-03 9.736588025379e-04 9.970751053836e-04
3.628800000000e+06 2.129327474216e-08 1.952778747372e-03 9.736588019127e-04 9.970751047198e-04
3.715200000000e+06 2.129327474325e-08 1.952778747210e-03 9.736588018322e-04 9.970751046408e-04
3.801600000000e+06 2.129327474922e-08 1.952778748505e-03 9.736588024713e-04 9.970751053255e-04
3.888000000000e+06 2.129327476050e-08 1.952778749526e-03 9.736588029735e-04 9.970751058891e-04
3.974400000000e+06 2.129327475052e-08 1.952778749472e-03 9.736588029494e-04 9.970751058253e-04
4.060800000000e+06 2.129327475903e-08 1.952778749269e-03 9.736588028469e-04 9.970751057523e-04
4.147200000000e+06 2.129327476319e-08 1.952778749665e-03 9.736588030419e-04 9.970751059704e-04
4.233600000000e+06 2.129327474491e-08 1.952778747486e-03 9.736588019681e-04 9.970751047879e-04
4.320000000000e+06 2.129327475740e-08 1.952778748074e-03 9.736588022557e-04 9.970751051341e-04
4.406400000000e+06 2.176408024372e-08 1.349302469422e-03 6.742683710068e-04 6.857157633291e-04
4.492800000000e+06 2.173934009079e-08 1.362629052426e-03 6.809067996762e-04 6.925469672377e-04
4.579200000000e+06 2.168169858557e-08 1.398581269094e-03 6.987975021349e-04 7.110092035630e-04
4.665600000000e+06 2.165637242394e-08 1.415061897536e-03 7.070084629180e-04 7.194628335856e-04
4.752000000000e+06 2.164298417263e-08 1.423705646822e-03 7.113245814440e-04 7.238864531762e-04
4.838400000000e+06 2.163206672499e-08 1.430880105529e-03 7.149100081129e-04 7.275554260299e-04
4.924800000000e+06 2.162033972127e-08 1.438908683660e-03 7.189192957569e-04 7.316648701093e-04
5.011200000000e+06 2.160728457918e-08 1.448116564251e-03 7.235153317499e-04 7.363805055504e-04
5.097600000000e+06 2.159294168674e-08 1.458260055608e-03 7.285812029925e-04 7.415720958777e-04
5.184000000000e+06 2.157682538844e-08 1.469119647749e-03 7.340179257273e-04 7.471149684610e-04
5.270400000000e+06 2.155763810668e-08 1.480670354205e-03 7.398332997356e-04 7.529734165286e-04
5.356800000000e+06 2.153339538935e-08 1.493056877928e-03 7.461316200893e-04 7.591860996296e-04
5.443200000000e+06 2.150143839413e-08 1.506769107314e-03 7.532003290826e-04 7.659572860505e-04
5.529600000000e+06 2.145815688272e-08 1.523094739866e-03 7.617348565097e-04 7.738901446893e-04
5.616000000000e+06 2.139582491762e-08 1.547131725933e-03 7.743510892000e-04 7.855210665979e-04
5.702400000000e+06 2.131477313600e-08 1.576073948497e-03 7.897642764145e-04 7.992902750868e-04
5.788800000000e+06 2.123709107161e-08 1.586392275270e-03 7.962589492967e-04 8.031124176650e-04
5.875200000000e+06 2.114350458179e-08 1.599225083352e-03 8.043882363092e-04 8.078214985403e-04
5.961600000000e+06 2.104823151380e-08 1.603327199021e-03 8.084412923310e-04 8.077620106980e-04
6.048000000000e+06 2.095022540109e-08 1.604691929751e-03 8.113165307062e-04 8.061067110452e-04
6.134400000000e+06 2.085164266965e-08 1.604582070642e-03 8.135656219822e-04 8.035870329920e-04
6.220800000000e+06 2.075469907255e-08 1.603020572579e-03 8.151349722239e-04 8.002834894315e-04
6.307200000000e+06 2.066024417060e-08 1.600494009725e-03 8.162279106890e-04 7.964866527341e-04
6.393600000000e+06 2.056780602087e-08 1.597984471037e-03 8.173246831110e-04 7.927096770804e-04
6.480000000000e+06 2.047692156518e-08 1.595903079894e-03 8.186331679057e-04 7.891598616597e-04
6.566400000000e+06 2.025352906757e-08 1.873879613389e-03 9.628936083721e-04 9.259403924525e-04
6.652800000000e+06 2.017869864793e-08 1.867913345733e-03 9.622604451373e-04 9.204140727323e-04
6.739200000000e+06 2.010978026375e-08 1.862395789062e-03 9.616774321683e-04 9.153033147877e-04
6.825600000000e+06 2.004644389439e-08 1.857309695237e-03 9.611450188140e-04 9.105893039013e-04
6.912000000000e+06 1.998923526934e-08 1.852704876510e-03 9.606669300376e-04 9.063190437311e-04
6.998400000000e+06 1.993914837008e-08 1.848666726171e-03 9.602501760896e-04 9.025729665541e-04
7.084800000000e+06 1.989686993152e-08 1.845254049220e-03 9.598993419665e-04 8.994065593026e-04
7.171200000000e+06 1.986242131783e-08 1.842471025778e-03 9.596138283328e-04 8.968242818844e-04
7.257600000000e+06 1.983522157499e-08 1.840272631553e-03 9.593884114273e-04 8.947846373389e-04
7.344000000000e+06 1.981433196489e-08 1.838583976061e-03 9.592151684015e-04 8.932181751708e-04
7.430400000000e+06 1.979868708299e-08 1.837318945857e-03 9.590852782472e-04 8.920448755414e-04
7.516800000000e+06 1.978724860921e-08 1.836393922565e-03 9.589902787754e-04 8.911870011682e-04
7.603200000000e+06 1.977911204913e-08 1.835735528915e-03 9.589228114566e-04 8.905762985181e-04
7.689600000000e+06 1.977352847583e-08 1.835283030892e-03 9.588768029885e-04 8.901562739929e-04
7.776000000000e+06 1.976990182797e-08 1.834988080737e-03 9.588474137860e-04 8.898819674363e-04
7.862400000000e+06 1.976776921786e-08 1.834813132551e-03 9.588308678959e-04 8.897184841705e-04
7.948800000000e+06 1.976677523078e-08 1.834729379955e-03 9.588242429531e-04 8.896390771163e-04
8.035200000000e+06 1.976664677597e-08 1.834714727915e-03 9.588252668579e-04 8.896232593705e-04
8.121600000000e+06 1.976717146205e-08 1.834752035513e-03 9.588321449945e-04 8.896551670227e-04
8.208000000000e+06 1.976818638580e-08 1.834828242509e-03 9.588435008126e-04 8.897227180756e-04
8.294400000000e+06 1.976956963831e-08 1.834933557993e-03 9.588582860685e-04 8.898168716756e-04
8.380800000000e+06 1.977122771644e-08 1.835060475978e-03 9.588756810310e-04 8.899307124840e-04
8.467200000000e+06 1.977309480894e-08 1.835203709871e-03 9.588951078038e-04 8.900593690700e-04
8.553600000000e+06 1.977512714932e-08 1.835359778788e-03 9.589161820414e-04 8.901996375089e-04
8.640000000000e+06 1.977729772180e-08 1.835526536812e-03 9.589386598646e-04 8.903495488691e-04
8.726400000000e+06 2.081128834940e-08 1.080851176542e-03 5.660141495677e-04 5.208293885350e-04
8.812800000000e+06 2.054767622364e-08 1.169947864500e-03 6.124935187596e-04 5.642525250522e-04
8.899200000000e+06 2.042497058710e-08 1.220427869620e-03 6.387978673329e-04 5.889002016296e-04
8.985600000000e+06 2.028191307359e-08 1.290193554527e-03 6.751611268837e-04 6.229754017320e-04
9.072000000000e+06 2.016287242821e-08 1.354557717398e-03 7.089400911992e-04 6.541882239898e-04
9.158400000000e+06 2.007917862409e-08 1.385369074527e-03 7.259363280044e-04 6.682703523946e-04
9.244800000000e+06 1.997800248925e-08 1.402946778327e-03 7.369744523467e-04 6.748956676034e-04
9.331200000000e+06 1.985650901497e-08 1.411038349525e-03 7.438502272231e-04 6.760563493996e-04
9.417600000000e+06 1.971898225948e-08 1.413775341876e-03 7.484467682561e-04 6.740562455284e-04
9.504000000000e+06 1.957059239490e-08 1.413984449983e-03 7.520347446765e-04 6.704931749325e-04
9.590400000000e+06 1.941243193950e-08 1.414264334936e-03 7.558998403233e-04 6.667134553311e-04
9.676800000000e+06 1.922767520713e-08 1.423018303965e-03 7.647181518282e-04 6.665198272059e-04
9.763200000000e+06 1.900734891922e-08 1.428973159205e-03 7.731133815700e-04 6.638781562420e-04
9.849600000000e+06 1.874089497664e-08 1.424811871932e-03 7.776467277248e-04 6.548238372732e-04
9.936000000000e+06 1.845289957785e-08 1.415468986784e-03 7.801983273830e-04 6.425039382207e-04
1.002240000000e+07 1.817080155606e-08 1.405575872942e-03 7.824279059237e-04 6.299739486750e-04
1.010880000000e+07 1.790172459994e-08 1.399100915836e-03 7.862156037355e-04 6.193691692951e-04
1.019520000000e+07 1.769760554463e-08 1.401851456836e-03 7.932847491364e-04 6.148805687384e-04
1.028160000000e+07 1.753799091382e-08 1.400861367121e-03 7.973134202750e-04 6.097064717626e-04
1.036800000000e+07 1.737984023195e-08 1.400179409593e-03 8.015520518801e-04 6.046408679268e-04
1.045440000000e+07 1.719122964555e-08 1.398147126329e-03 8.059335746764e-04 5.980430889152e-04
1.054080000000e+07 1.698984148031e-08 1.390722472048e-03 8.078878282577e-04 5.884269168069e-04
1.062720000000e+07 1.679103619478e-08 1.381124970475e-03 8.086650774809e-04 5.778072529900e-04
1.071360000000e+07 1.659391413715e-08 1.370761354415e-03 8.089718909684e-04 5.668936686947e-04
1.080000000000e+07 1.639922780860e-08 1.360645805849e-03 8.093626984979e-04 5.561572713503e-04
1.088640000000e+07 1.623873965248e-08 1.551148436018e-03 9.236967145641e-04 6.341169483728e-04
1.097280000000e+07 1.624387013564e-08 1.550106204108e-03 9.248880389929e-04 6.319800162014e-04
1.105920000000e+07 1.619172135507e-08 1.544845896556e-03 9.250601971787e-04 6.265284192615e-04
1.114560000000e+07 1.612360495836e-08 1.538518163317e-03 9.248678462886e-04 6.203366487638e-04
1.123200000000e+07 1.605917387197e-08 1.532656507950e-03 9.245914414382e-04 6.146920333100e-04
1.131840000000e+07 1.600579508499e-08 1.527863550279e-03 9.243174356867e-04 6.101212866589e-04
1.140480000000e+07 1.596401030653e-08 1.524181999170e-03 9.240571715783e-04 6.066562672480e-04
1.149120000000e+07 1.593822166913e-08 1.521953559523e-03 9.238737713585e-04 6.045824240564e-04
1.157760000000e+07 1.596926768349e-08 1.524554879122e-03 9.241742958397e-04 6.069238003365e-04
1.166400000000e+07 1.603220524358e-08 1.529843615701e-03 9.247554299031e-04 6.117127764932e-04
1.175040000000e+07 1.609214791618e-08 1.534875491522e-03 9.253069699086e-04 6.162717596263e-04
1.183680000000e+07 1.613527837478e-08 1.538492090940e-03 9.257042187513e-04 6.195484861486e-04
1.192320000000e+07 1.615974521443e-08 1.540540603055e-03 9.259311856905e-04 6.214029841963e-04
1.200960000000e+07 1.616771602945e-08 1.541204059397e-03 9.260083250093e-04 6.220003306039e-04
1.209600000000e+07 1.616264912641e-08 1.540773202573e-03 9.259671581076e-04 6.216042410525e-04
1.218240000000e+07 1.614813761206e-08 1.539549965540e-03 9.258399541286e-04 6.204891969693e-04
1.226880000000e+07 1.612730801103e-08 1.537797235630e-03 9.256546398999e-04 6.188944006814e-04
1.235520000000e+07 1.610260948747e-08 1.535720656543e-03 9.254330813512e-04 6.170069533298e-04
1.244160000000e+07 1.607584526833e-08 1.533471740748e-03 9.251914733753e-04 6.149646133831e-04
1.252800000000e+07 1.604833977213e-08 1.531161525420e-03 9.249418108693e-04 6.128681953155e-04
1.261440000000e+07 1.602110273835e-08 1.528874690841e-03 9.246933618105e-04 6.107944434461e-04
1.270080000000e+07 1.599479735666e-08 1.526666844789e-03 9.244523403152e-04 6.087936060112e-04
1.278720000000e+07 1.596942029533e-08 1.524537575554e-03 9.242188752535e-04 6.068651286547e-04
1.287360000000e+07 1.594499726620e-08 1.522488822064e-03 9.239933347156e-04 6.050106045506e-04
1.296000000000e+07 1.592152445999e-08 1.520520236039e-03 9.237758053421e-04 6.032295799501e-04
1.304640000000e+07 1.622773864714e-08 1.237314450596e-03 7.528128040098e-04 4.884833264161e-04
1.313280000000e+07 1.619228461759e-08 1.242266750860e-03 7.566199769306e-04 4.896550586928e-04
1.321920000000e+07 1.615372772171e-08 1.248702921900e-03 7.613753936688e-04 4.913753160673e-04
1.330560000000e+07 1.611776837465e-08 1.253335165729e-03 7.650726418943e-04 4.923353344036e-04
1.339200000000e+07 1.608171662404e-08 1.256975824720e-03 7.682398084627e-04 4.928253671894e-04
1.347840000000e+07 1.604457522702e-08 1.259407763020e-03 7.707861703078e-04 4.927167126327e-04
1.356480000000e+07 1.600546517142e-08 1.260578423838e-03 7.727092857319e-04 4.919585474051e-04
1.365120000000e+07 1.596366862340e-08 1.260747745531e-03 7.741745221384e-04 4.906475421534e-04
1.373760000000e+07 1.591896400255e-08 1.260207744340e-03 7.753486424369e-04 4.889114644145e-04
1.382400000000e+07 1.587152073723e-08 1.259174416223e-03 7.763436577687e-04 4.868562822413e-04
1.391040000000e+07 1.582170041099e-08 1.257790343748e-03 7.772259212200e-04 4.845596596625e-04
1.399680000000e+07 1.576988550646e-08 1.256150112751e-03 7.780352928012e-04 4.820773787070e-04
1.408320000000e+07 1.571640303183e-08 1.254322152962e-03 7.787995792541e-04 4.794508824372e-04
1.416960000000e+07 1.566149824391e-08 1.252364206129e-03 7.795439265916e-04 4.767134563136e-04
1.425600000000e+07 1.560530867218e-08 1.250334966120e-03 7.802975492320e-04 4.738952327848e-04
1.434240000000e+07 1.554803487861e-08 1.248217896879e-03 7.810447548569e-04 4.709953573874e-04
1.442880000000e+07 1.548948035919e-08 1.246181035888e-03 7.818886414524e-04 4.680802578046e-04
1.451520000000e+07 1.542920111676e-08 1.244467010481e-03 7.829844163506e-04 4.652394314570e-04
1.460160000000e+07 1.536655564435e-08 1.243350074659e-03 7.845140289321e-04 4.625675036235e-04
1.468800000000e+07 1.530121160724e-08 1.242873097442e-03 7.865181469739e-04 4.600670673119e-04
1.477440000000e+07 1.523239307189e-08 1.243262809914e-03 7.891603686190e-04 4.578031975245e-04
1.486080000000e+07 1.515611645392e-08 1.246232517877e-03 7.935835214047e-04 4.563608084291e-04
1.494720000000e+07 1.507787780206e-08 1.248252098929e-03 7.975612119815e-04 4.544066013593e-04
1.503360000000e+07 1.500230900302e-08 1.247042430424e-03 7.995891667703e-04 4.511465692154e-04
1.512000000000e+07 1.492739465312e-08 1.244797586199e-03 8.010036377750e-04 4.474573487213e-04
1.520640000000e+07 1.485381831382e-08 1.241968846456e-03 8.020380677124e-04 4.435607716221e-04
1.529280000000e+07 1.478171948560e-08 1.238777105688e-03 8.028138939648e-04 4.395582105701e-04
1.537920000000e+07 1.471098439269e-08 1.235337507318e-03 8.034013243358e-04 4.354955651940e-04
1.546560000000e+07 1.464147042575e-08 1.231720428909e-03 8.038458534997e-04 4.313982832079e-04
1.555200000000e+07 1.457314668081e-08 1.227934912661e-03 8.041527959627e-04 4.272701228565e-04
1.563840000000e+07 1.450592324698e-08 1.224036585791e-03 8.043571813073e-04 4.231321110742e-04
1.572480000000e+07 1.443970815771e-08 1.220068708220e-03 8.044875068969e-04 4.189993318171e-04
1.581120000000e+07 1.437437139802e-08 1.216055252791e-03 8.045622383229e-04 4.148774552232e-04
1.589760000000e+07 1.430976764320e-08 1.212010348929e-03 8.045948560391e-04 4.107672170110e-04
1.598400000000e+07 1.424575177711e-08 1.207942294907e-03 8.045955019914e-04 4.066668197686e-04
1.607040000000e+07 1.418218499525e-08 1.203855545430e-03 8.045718953894e-04 4.025730216439e-04
1.615680000000e+07 1.411894018942e-08 1.199750269757e-03 8.045288221459e-04 3.984812004566e-04
1.624320000000e+07 1.405589979479e-08 1.195626123841e-03 8.044704663911e-04 3.943868260884e-04
1.632960000000e+07 1.399295231882e-08 1.191483495698e-03 8.044012957745e-04 3.902858310346e-04
1.641600000000e+07 1.392999508076e-08 1.187320152894e-03 8.043239092241e-04 3.861733805760e-04
1.650240000000e+07 1.386693606689e-08 1.183132703973e-03 8.042398291373e-04 3.820445534390e-04
1.658880000000e+07 1.380369693769e-08 1.178917375697e-03 8.041498410470e-04 3.778947844829e-04
1.667520000000e+07 1.374021310815e-08 1.174670433582e-03 8.040542348218e-04 3.737200464134e-04
1.676160000000e+07 1.367643268548e-08 1.170388413807e-03 8.039529810706e-04 3.695169063616e-04
1.684800000000e+07 1.361231724882e-08 1.166068244895e-03 8.038458544120e-04 3.652825241562e-04
1.693440000000e+07 1.354783230837e-08 1.161707250511e-03 8.037324680928e-04 3.610146216115e-04
1.702080000000e+07 1.348295897818e-08 1.157303162253e-03 8.036123277484e-04 3.567114384061e-04
1.710720000000e+07 1.341768510032e-08 1.152854030367e-03 8.034847823089e-04 3.523716921762e-04
1.719360000000e+07 1.335200719358e-08 1.148358169182e-03 8.033489923345e-04 3.479945538633e-04
1.728000000000e+07 1.328593064963e-08 1.143814125099e-03 8.032038979162e-04 3.435796466486e-04
