# Observation File: surface_total_concentration_crunch.dat column names:
# -----------------------------------------------------------------------------
# Observation Name: time [s]
# -----------------------------------------------------------------------------
# Observation Name: surface total concentration
# Region: east conc
# Functional: average
# Variable: surface-total_component_concentration
# Number of Vectors: 4
# =============================================================================
"time [s]" "surface total concentration"
0.000000000000e+00 0.000000000000e+00 0.000000000000e+00 0.000000000000e+00 0.000000000000e+00
8.640000000000e+04 0.000000000000e+00 0.000000000000e+00 0.000000000000e+00 0.000000000000e+00
1.728000000000e+05 1.243605770207e-06 3.718968287470e-05 1.797303855225e-05 1.796532842551e-05
2.592000000000e+05 1.243605387261e-06 3.718966051299e-05 1.797302756286e-05 1.796531779370e-05
3.456000000000e+05 1.243604903497e-06 3.718966054588e-05 1.797302782119e-05 1.796531758295e-05
4.320000000000e+05 1.243604868044e-06 3.718966038685e-05 1.797302775940e-05 1.796531749204e-05
5.184000000000e+05 1.243604862483e-06 3.718966026234e-05 1.797302769993e-05 1.796531743124e-05
6.048000000000e+05 1.243604859928e-06 3.718966018599e-05 1.797302766303e-05 1.796531739435e-05
6.912000000000e+05 1.243604858552e-06 3.718966014406e-05 1.797302764275e-05 1.796531737411e-05
7.776000000000e+05 1.243604857291e-06 3.718966010683e-05 1.797302762477e-05 1.796531735612e-05
8.640000000000e+05 1.243604854885e-06 3.718966003437e-05 1.797302758974e-05 1.796531732112e-05
9.504000000000e+05 1.243604854707e-06 3.718966003062e-05 1.797302758796e-05 1.796531731929e-05
1.036800000000e+06 1.243604856590e-06 3.718966008279e-05 1.797302761310e-05 1.796531734455e-05
1.123200000000e+06 1.243604857112e-06 3.718966010100e-05 1.797302762194e-05 1.796531735331e-05
1.209600000000e+06 1.243604857188e-06 3.718966010329e-05 1.797302762305e-05 1.796531735441e-05
1.296000000000e+06 1.243604856766e-06 3.718966008865e-05 1.797302761594e-05 1.796531734737e-05
1.382400000000e+06 1.243604854487e-06 3.718966002160e-05 1.797302758356e-05 1.796531731497e-05
1.468800000000e+06 1.243604853189e-06 3.718965998243e-05 1.797302756462e-05 1.796531729605e-05
1.555200000000e+06 1.243604853686e-06 3.718965999395e-05 1.797302757013e-05 1.796531730167e-05
1.641600000000e+06 1.243604854346e-06 3.718966001513e-05 1.797302758039e-05 1.796531731188e-05
1.728000000000e+06 1.243604854294e-06 3.718966001738e-05 1.797302758155e-05 1.796531731290e-05
1.814400000000e+06 1.243604855005e-06 3.718966003366e-05 1.797302758933e-05 1.796531732085e-05
1.900800000000e+06 1.243604855180e-06 3.718966004079e-05 1.797302759281e-05 1.796531732426e-05
1.987200000000e+06 1.243604854444e-06 3.718966002236e-05 1.797302758396e-05 1.796531731530e-05
2.073600000000e+06 1.243604854420e-06 3.718966001806e-05 1.797302758182e-05 1.796531731328e-05
2.160000000000e+06 1.243604853481e-06 3.718965998741e-05 1.797302756697e-05 1.796531729852e-05
2.246400000000e+06 1.243604851858e-06 3.718965994384e-05 1.797302754599e-05 1.796531727739e-05
2.332800000000e+06 1.243604850276e-06 3.718965989208e-05 1.797302752090e-05 1.796531725246e-05
2.419200000000e+06 1.243604847575e-06 3.718965981411e-05 1.797302748327e-05 1.796531721474e-05
2.505600000000e+06 1.243604843707e-06 3.718965969237e-05 1.797302742433e-05 1.796531715603e-05
2.592000000000e+06 1.243604844246e-06 3.718965970968e-05 1.797302743272e-05 1.796531716438e-05
2.678400000000e+06 1.243604845119e-06 3.718965974260e-05 1.797302744874e-05 1.796531718017e-05
2.764800000000e+06 1.243604847317e-06 3.718965979167e-05 1.797302747217e-05 1.796531720413e-05
2.851200000000e+06 1.243604847795e-06 3.718965980944e-05 1.797302748082e-05 1.796531721267e-05
2.937600000000e+06 1.243604848878e-06 3.718965983861e-05 1.797302749487e-05 1.796531722681e-05
3.024000000000e+06 1.243604848757e-06 3.718965984690e-05 1.797302749907e-05 1.796531723063e-05
3.110400000000e+06 1.243604850079e-06 3.718965986848e-05 1.797302750920e-05 1.796531724133e-05
3.196800000000e+06 1.243604850334e-06 3.718965986983e-05 1.797302750975e-05 1.796531724208e-05
3.283200000000e+06 1.243604849947e-06 3.718965984872e-05 1.797302749939e-05 1.796531723204e-05
3.369600000000e+06 1.243604846479e-06 3.718965976359e-05 1.797302745856e-05 1.796531719062e-05
3.456000000000e+06 1.243604847464e-06 3.718965979171e-05 1.797302747212e-05 1.796531720422e-05
3.542400000000e+06 1.243604848154e-06 3.718965981219e-05 1.797302748202e-05 1.796531721412e-05
3.628800000000e+06 1.243604847125e-06 3.718965978763e-05 1.797302747025e-05 1.796531720216e-05
3.715200000000e+06 1.243604847125e-06 3.718965978458e-05 1.797302746873e-05 1.796531720073e-05
3.801600000000e+06 1.243604848304e-06 3.718965980980e-05 1.797302748075e-05 1.796531721307e-05
3.888000000000e+06 1.243604849763e-06 3.718965983006e-05 1.797302749015e-05 1.796531722323e-05
3.974400000000e+06 1.243604848931e-06 3.718965982844e-05 1.797302748975e-05 1.796531722208e-05
4.060800000000e+06 1.243604849506e-06 3.718965982505e-05 1.797302748777e-05 1.796531722076e-05
4.147200000000e+06 1.243604850055e-06 3.718965983290e-05 1.797302749142e-05 1.796531722469e-05
4.233600000000e+06 1.243604847407e-06 3.718965978997e-05 1.797302747128e-05 1.796531720339e-05
4.320000000000e+06 1.243604848729e-06 3.718965980199e-05 1.797302747663e-05 1.796531720962e-05
4.406400000000e+06 9.276027809838e-07 2.564887670875e-05 1.236069439462e-05 1.235523897890e-05
4.492800000000e+06 9.343982549241e-07 2.590263436949e-05 1.248438223918e-05 1.247832373401e-05
4.579200000000e+06 9.530308296198e-07 2.658767290787e-05 1.281788982653e-05 1.281097664077e-05
4.665600000000e+06 9.615350780707e-07 2.690178255052e-05 1.297103779038e-05 1.296329429884e-05
4.752000000000e+06 9.659636573419e-07 2.706653335159e-05 1.305156048662e-05 1.304299915633e-05
4.838400000000e+06 9.696376957752e-07 2.720329360304e-05 1.311846151364e-05 1.310910677531e-05
4.924800000000e+06 9.737648102908e-07 2.735636174682e-05 1.319328362290e-05 1.318315081278e-05
5.011200000000e+06 9.785045986994e-07 2.753193812071e-05 1.327907175123e-05 1.326811721713e-05
5.097600000000e+06 9.837070106720e-07 2.772536612132e-05 1.337364906822e-05 1.336165938518e-05
5.184000000000e+06 9.892048714861e-07 2.793242829144e-05 1.347517195096e-05 1.346153096326e-05
5.270400000000e+06 9.948957762722e-07 2.815259318444e-05 1.358378882872e-05 1.356708858610e-05
5.356800000000e+06 1.000730828220e-06 2.838854661376e-05 1.370144941665e-05 1.367902882216e-05
5.443200000000e+06 1.006814037797e-06 2.864955080047e-05 1.383352655699e-05 1.380103218109e-05
5.529600000000e+06 1.013641052145e-06 2.896009654172e-05 1.399302638528e-05 1.394396657098e-05
5.616000000000e+06 1.023617545989e-06 2.941742699442e-05 1.422889780253e-05 1.415353273149e-05
5.702400000000e+06 1.034965085675e-06 2.996788886889e-05 1.451718651061e-05 1.440162657814e-05
5.788800000000e+06 1.035611062146e-06 3.016204318581e-05 1.463856517122e-05 1.447049401198e-05
5.875200000000e+06 1.036488436921e-06 3.040365633671e-05 1.479051487860e-05 1.455534231604e-05
5.961600000000e+06 1.032203063519e-06 3.047809388187e-05 1.486608510566e-05 1.455427046303e-05
6.048000000000e+06 1.026144030050e-06 3.050004476710e-05 1.491955379054e-05 1.452444524406e-05
6.134400000000e+06 1.019196337262e-06 3.049377975522e-05 1.496126480969e-05 1.447904563949e-05
6.220800000000e+06 1.011549123121e-06 3.045983880345e-05 1.499022511158e-05 1.441952233210e-05
6.307200000000e+06 1.003545457884e-06 3.040757071101e-05 1.501025084048e-05 1.435111086007e-05
6.393600000000e+06 9.956969948628e-07 3.035574777324e-05 1.503034355882e-05 1.428305724469e-05
6.480000000000e+06 9.881922573631e-07 3.031221259343e-05 1.505439878159e-05 1.421909660648e-05
6.566400000000e+06 1.115003638998e-06 3.562641960113e-05 1.776423062952e-05 1.668361067482e-05
6.652800000000e+06 1.105761231935e-06 3.550872696986e-05 1.775176210068e-05 1.658403734653e-05
6.739200000000e+06 1.097261460056e-06 3.539993035955e-05 1.774027708090e-05 1.649195161780e-05
6.825600000000e+06 1.089462812844e-06 3.529967825271e-05 1.772978228646e-05 1.640701448471e-05
6.912000000000e+06 1.082429936790e-06 3.520894090624e-05 1.772035299932e-05 1.633007286002e-05
6.998400000000e+06 1.076282963347e-06 3.512939098553e-05 1.771213041107e-05 1.626257597395e-05
7.084800000000e+06 1.071102209972e-06 3.506217725386e-05 1.770520678346e-05 1.620552359104e-05
7.171200000000e+06 1.066886401087e-06 3.500737400281e-05 1.769957148910e-05 1.615899606999e-05
7.257600000000e+06 1.063561662420e-06 3.496408892310e-05 1.769512234318e-05 1.612224571782e-05
7.344000000000e+06 1.061010922598e-06 3.493084358079e-05 1.769170328660e-05 1.609402117425e-05
7.430400000000e+06 1.059101772097e-06 3.490593992436e-05 1.768913988895e-05 1.607288064039e-05
7.516800000000e+06 1.057706775681e-06 3.488773081465e-05 1.768726517053e-05 1.605742344447e-05
7.603200000000e+06 1.056714650728e-06 3.487477109745e-05 1.768593356170e-05 1.604641979312e-05
7.689600000000e+06 1.056033585813e-06 3.486586500910e-05 1.768502496712e-05 1.603885178366e-05
7.776000000000e+06 1.055590630724e-06 3.486006079583e-05 1.768444369883e-05 1.603390932318e-05
7.862400000000e+06 1.055329205332e-06 3.485661941271e-05 1.768411512547e-05 1.603096367875e-05
7.948800000000e+06 1.055205919995e-06 3.485497385769e-05 1.768398152374e-05 1.602953292101e-05
8.035200000000e+06 1.055187482283e-06 3.485468921403e-05 1.768399805878e-05 1.602924791659e-05
8.121600000000e+06 1.055248045178e-06 3.485542806095e-05 1.768412936696e-05 1.602982282924e-05
8.208000000000e+06 1.055367831260e-06 3.485693323881e-05 1.768434833629e-05 1.603103996533e-05
8.294400000000e+06 1.055532045117e-06 3.485901198457e-05 1.768463434653e-05 1.603273642659e-05
8.380800000000e+06 1.055729353593e-06 3.486151652756e-05 1.768497129914e-05 1.603478761232e-05
8.467200000000e+06 1.055951745859e-06 3.486434274213e-05 1.768534782303e-05 1.603710574901e-05
8.553600000000e+06 1.056193943457e-06 3.486742208812e-05 1.768575638219e-05 1.603963310827e-05
8.640000000000e+06 1.056452685290e-06 3.487071229797e-05 1.768619219884e-05 1.604233421386e-05
8.726400000000e+06 7.140829320560e-07 2.049376690918e-05 1.034511021125e-05 9.384313306937e-06
8.812800000000e+06 7.541192425119e-07 2.218267249634e-05 1.120721582487e-05 1.016671216310e-05
8.899200000000e+06 7.768933647441e-07 2.314065348567e-05 1.169589174464e-05 1.061081444378e-05
8.985600000000e+06 8.084796162841e-07 2.446591210588e-05 1.237234015141e-05 1.122478201319e-05
9.072000000000e+06 8.371148840872e-07 2.568948300889e-05 1.300160206276e-05 1.178717520702e-05
9.158400000000e+06 8.487812161345e-07 2.627441911906e-05 1.331840684583e-05 1.204090725035e-05
9.244800000000e+06 8.519725109439e-07 2.660620901565e-05 1.352404716388e-05 1.216028229916e-05
9.331200000000e+06 8.486997447781e-07 2.675619363460e-05 1.365193177526e-05 1.218119548468e-05
9.417600000000e+06 8.415322794664e-07 2.680338808739e-05 1.373720928629e-05 1.214515757709e-05
9.504000000000e+06 8.323351782873e-07 2.680195700425e-05 1.380362099161e-05 1.208095810689e-05
9.590400000000e+06 8.225322510973e-07 2.680154878751e-05 1.387518067715e-05 1.201285505101e-05
9.676800000000e+06 8.152130408347e-07 2.696187361382e-05 1.403919228655e-05 1.200936625596e-05
9.763200000000e+06 8.040434236339e-07 2.706755387411e-05 1.419517138853e-05 1.196176858094e-05
9.849600000000e+06 7.849132972577e-07 2.697874536759e-05 1.427876200547e-05 1.179862769862e-05
9.936000000000e+06 7.620082068542e-07 2.679059744065e-05 1.432519161001e-05 1.157664753551e-05
1.002240000000e+07 7.393559996541e-07 2.659243549881e-05 1.436560743578e-05 1.135088195811e-05
1.010880000000e+07 7.191555006736e-07 2.646009576012e-05 1.443518842319e-05 1.115980485216e-05
1.019520000000e+07 7.071006313722e-07 2.650582413741e-05 1.456638217844e-05 1.107892916646e-05
1.028160000000e+07 6.962647033136e-07 2.648183780158e-05 1.464091344393e-05 1.098570219392e-05
1.036800000000e+07 6.856154627456e-07 2.646383910414e-05 1.471936657903e-05 1.089443005273e-05
1.045440000000e+07 6.723962350888e-07 2.641921585200e-05 1.480036860218e-05 1.077555115163e-05
1.054080000000e+07 6.561986498370e-07 2.627164668616e-05 1.483589654683e-05 1.060228678931e-05
1.062720000000e+07 6.394059443240e-07 2.608295604327e-05 1.484941003827e-05 1.041094149531e-05
1.071360000000e+07 6.225487162806e-07 2.587989018134e-05 1.485414471516e-05 1.021430033684e-05
1.080000000000e+07 6.060594629455e-07 2.568178218862e-05 1.486046352584e-05 1.002085173604e-05
1.088640000000e+07 6.602199396868e-07 2.930635603948e-05 1.700064303326e-05 1.142553060131e-05
1.097280000000e+07 6.599352351108e-07 2.928728827801e-05 1.702226360904e-05 1.138702731895e-05
1.105920000000e+07 6.540182383102e-07 2.918588014687e-05 1.702465682750e-05 1.128880034705e-05
1.114560000000e+07 6.466169767615e-07 2.906356592542e-05 1.702023725963e-05 1.117723691466e-05
1.123200000000e+07 6.397106697083e-07 2.895020138437e-05 1.701434924490e-05 1.107553213171e-05
1.131840000000e+07 6.340420724698e-07 2.885748135609e-05 1.700865870114e-05 1.099317633620e-05
1.140480000000e+07 6.296536328908e-07 2.878622625893e-05 1.700337944487e-05 1.093074355402e-05
1.149120000000e+07 6.269721988276e-07 2.874307260620e-05 1.699971288686e-05 1.089337701003e-05
1.157760000000e+07 6.301542544781e-07 2.879351495945e-05 1.700557417145e-05 1.093556397003e-05
1.166400000000e+07 6.366318421170e-07 2.889606947414e-05 1.701694399375e-05 1.102185182871e-05
1.175040000000e+07 6.428197244913e-07 2.899366812816e-05 1.702773714681e-05 1.110399566894e-05
1.183680000000e+07 6.472825594887e-07 2.906383186575e-05 1.703551024181e-05 1.116303578646e-05
1.192320000000e+07 6.498172440671e-07 2.910358132397e-05 1.703994905566e-05 1.119645016570e-05
1.200960000000e+07 6.506416903555e-07 2.911645927934e-05 1.704145321284e-05 1.120721316403e-05
1.209600000000e+07 6.501127917568e-07 2.910810425391e-05 1.704063994638e-05 1.120007641536e-05
1.218240000000e+07 6.486044067054e-07 2.908437509122e-05 1.703814182529e-05 1.117998553098e-05
1.226880000000e+07 6.464430695751e-07 2.905037420592e-05 1.703450672266e-05 1.115125046273e-05
1.235520000000e+07 6.438843158987e-07 2.901009285087e-05 1.703016338474e-05 1.111724240234e-05
1.244160000000e+07 6.411161947757e-07 2.896647160780e-05 1.702542939747e-05 1.108044348438e-05
1.252800000000e+07 6.382761200718e-07 2.892166494096e-05 1.702053966316e-05 1.104267018586e-05
1.261440000000e+07 6.354684187676e-07 2.887731550565e-05 1.701567558389e-05 1.100530528732e-05
1.270080000000e+07 6.327610880367e-07 2.883450145378e-05 1.701095855774e-05 1.096925416236e-05
1.278720000000e+07 6.301533486394e-07 2.879321455756e-05 1.700639091142e-05 1.093450682261e-05
1.287360000000e+07 6.276473323890e-07 2.875349212483e-05 1.700197961898e-05 1.090109197389e-05
1.296000000000e+07 6.252422461205e-07 2.871532705340e-05 1.699772621763e-05 1.086900144054e-05
1.304640000000e+07 5.493814703524e-07 2.333418606354e-05 1.380141585993e-05 8.801501376866e-06
1.313280000000e+07 5.490725503088e-07 2.342732951912e-05 1.387224889713e-05 8.822613670141e-06
1.321920000000e+07 5.490873474004e-07 2.354859300377e-05 1.396075775292e-05 8.853609298509e-06
1.330560000000e+07 5.485760306876e-07 2.363566089337e-05 1.402954637537e-05 8.870906926191e-06
1.339200000000e+07 5.476807093441e-07 2.370389293879e-05 1.408844793199e-05 8.879736345756e-06
1.347840000000e+07 5.462697511075e-07 2.374913663079e-05 1.413576046559e-05 8.877778605995e-06
1.356480000000e+07 5.442776893142e-07 2.377037048201e-05 1.417143019237e-05 8.864117971263e-06
1.365120000000e+07 5.417590989470e-07 2.377251572748e-05 1.419853768608e-05 8.840496255017e-06
1.373760000000e+07 5.388081510273e-07 2.376111597021e-05 1.422019378651e-05 8.809215575036e-06
1.382400000000e+07 5.355149605342e-07 2.374028103085e-05 1.423849062566e-05 8.772185265609e-06
1.391040000000e+07 5.319539420307e-07 2.371273021839e-05 1.425466874734e-05 8.730804678604e-06
1.399680000000e+07 5.281835365437e-07 2.368027192777e-05 1.426947442669e-05 8.686078895622e-06
1.408320000000e+07 5.242490299075e-07 2.364421609237e-05 1.428342849868e-05 8.638754638507e-06
1.416960000000e+07 5.201859468789e-07 2.360566672984e-05 1.429700120782e-05 8.589431645290e-06
1.425600000000e+07 5.160233448931e-07 2.356574352884e-05 1.431073850469e-05 8.538652842970e-06
1.434240000000e+07 5.117687979181e-07 2.352413851464e-05 1.432434868415e-05 8.486402835809e-06
1.442880000000e+07 5.074654655554e-07 2.348403918621e-05 1.433975442595e-05 8.433878519002e-06
1.451520000000e+07 5.031634259207e-07 2.345004348119e-05 1.435984958864e-05 8.382692458684e-06
1.460160000000e+07 4.989074758508e-07 2.342734512678e-05 1.438802618298e-05 8.334549614837e-06
1.468800000000e+07 4.946837967795e-07 2.341675080216e-05 1.442504151586e-05 8.289496708322e-06
1.477440000000e+07 4.905067065344e-07 2.342254903425e-05 1.447394505103e-05 8.248706261703e-06
1.486080000000e+07 4.866422835500e-07 2.347718704595e-05 1.455604692937e-05 8.222717268992e-06
1.494720000000e+07 4.823229130219e-07 2.351375611499e-05 1.462982515649e-05 8.187506330797e-06
1.503360000000e+07 4.771710768606e-07 2.348907942059e-05 1.466722123532e-05 8.128767012890e-06
1.512000000000e+07 4.717493202039e-07 2.344478044440e-05 1.469316700986e-05 8.062294571554e-06
1.520640000000e+07 4.662449161287e-07 2.338944525042e-05 1.471202474832e-05 7.992085975174e-06
1.529280000000e+07 4.607372175894e-07 2.332727223934e-05 1.472606266124e-05 7.919967758020e-06
1.537920000000e+07 4.552556684503e-07 2.326044540206e-05 1.473659078600e-05 7.846766940432e-06
1.546560000000e+07 4.498135220108e-07 2.319029781350e-05 1.474445765916e-05 7.772942039783e-06
1.555200000000e+07 4.444129033851e-07 2.311700008762e-05 1.474976233576e-05 7.698560772189e-06
1.563840000000e+07 4.390652661704e-07 2.304160646344e-05 1.475315869065e-05 7.624002001336e-06
1.572480000000e+07 4.337771779678e-07 2.296493540912e-05 1.475517798525e-05 7.549537510218e-06
1.581120000000e+07 4.285475071588e-07 2.288743905240e-05 1.475616438484e-05 7.475269463481e-06
1.589760000000e+07 4.233710776694e-07 2.280938221770e-05 1.475636870542e-05 7.401211117316e-06
1.598400000000e+07 4.182410344439e-07 2.273091915051e-05 1.475597941607e-05 7.327330085920e-06
1.607040000000e+07 4.131498429232e-07 2.265213138660e-05 1.475513977929e-05 7.253567957548e-06
1.615680000000e+07 4.080895793595e-07 2.257301948655e-05 1.475393836438e-05 7.179841449669e-06
1.624320000000e+07 4.030528122975e-07 2.249357457676e-05 1.475245255367e-05 7.106068938530e-06
1.632960000000e+07 3.980327001605e-07 2.241380190503e-05 1.475076504247e-05 7.032177135759e-06
1.641600000000e+07 3.930223270863e-07 2.233365727971e-05 1.474892369474e-05 6.958078929296e-06
1.650240000000e+07 3.880152142971e-07 2.225307483067e-05 1.474695634414e-05 6.883685647550e-06
1.658880000000e+07 3.830057127106e-07 2.217198180022e-05 1.474487715563e-05 6.808915035729e-06
1.667520000000e+07 3.779891112169e-07 2.209030650691e-05 1.474269112970e-05 6.733694529971e-06
1.676160000000e+07 3.729616207366e-07 2.200798270935e-05 1.474039738856e-05 6.657962276786e-06
1.684800000000e+07 3.679203114177e-07 2.192495173658e-05 1.473799133975e-05 6.581667101913e-06
1.693440000000e+07 3.628630384228e-07 2.184116305841e-05 1.473546583088e-05 6.504767956964e-06
1.702080000000e+07 3.577883703263e-07 2.175657366991e-05 1.473281137452e-05 6.427233124434e-06
1.710720000000e+07 3.526955372299e-07 2.167114692833e-05 1.473001574477e-05 6.349039498670e-06
1.719360000000e+07 3.475844014641e-07 2.158485136442e-05 1.472706325826e-05 6.270172141681e-06
1.728000000000e+07 3.424554571206e-07 2.149766006578e-05 1.472393417721e-05 6.190624263938e-06
